,period,price,volume,ratio
0,2017-07-13,18900.0,2960140.0,100.0
1,2017-07-14,20300.0,2043726.0,51.258990000000004
2,2017-07-15,20300.0,2043726.0,10.39793
3,2017-07-16,20300.0,2043726.0,7.71133
4,2017-07-17,22800.0,1140645.0,44.89658
5,2017-07-18,29600.0,1829952.0,97.57194
6,2017-07-19,28350.0,1810429.0,80.44064
7,2017-07-20,28000.0,584850.0,48.66232
8,2017-07-21,29450.0,2350534.0,70.72841
9,2017-07-22,29450.0,2350534.0,11.915460000000001
10,2017-07-23,29450.0,2350534.0,10.39793
11,2017-07-24,31850.0,667512.0,54.125440000000005
12,2017-07-25,30000.0,412335.0,44.33453
13,2017-07-26,28700.0,278523.0,38.4892
14,2017-07-27,27800.0,217438.0,34.375
15,2017-07-28,26000.0,238908.0,30.20458
16,2017-07-29,26000.0,238908.0,5.60926
17,2017-07-30,26000.0,238908.0,5.2383
18,2017-07-31,27200.0,277384.0,29.84487
19,2017-08-01,26300.0,117697.0,25.79811
20,2017-08-02,25700.0,151674.0,26.24775
21,2017-08-03,26500.0,196719.0,23.4375
22,2017-08-04,25450.0,104250.0,18.44649
23,2017-08-05,25450.0,104250.0,3.7095300000000004
24,2017-08-06,25450.0,104250.0,3.125
25,2017-08-07,24500.0,114237.0,21.7401
26,2017-08-08,24900.0,89623.0,17.76079
27,2017-08-09,23800.0,81410.0,16.53552
28,2017-08-10,23000.0,124946.0,18.79496
29,2017-08-11,23200.0,339920.0,23.13399
30,2017-08-12,23200.0,339920.0,3.3723
31,2017-08-13,23200.0,339920.0,2.4955
32,2017-08-14,23300.0,104896.0,14.96178
33,2017-08-15,23300.0,104896.0,3.31609
34,2017-08-16,23600.0,94038.0,16.1196
35,2017-08-17,25450.0,280112.0,19.88534
36,2017-08-18,25400.0,114366.0,14.98426
37,2017-08-19,25400.0,114366.0,2.60791
38,2017-08-20,25400.0,114366.0,3.0013400000000003
39,2017-08-21,25350.0,66836.0,12.25269
40,2017-08-22,26200.0,140537.0,16.76034
41,2017-08-23,27350.0,132393.0,19.46942
42,2017-08-24,27650.0,137626.0,20.346220000000002
43,2017-08-25,27950.0,38706.0,13.882639999999999
44,2017-08-26,27950.0,38706.0,2.60791
45,2017-08-27,27950.0,38706.0,2.40557
46,2017-08-28,27800.0,31278.0,13.99505
47,2017-08-29,27100.0,49559.0,12.25269
48,2017-08-30,27000.0,36841.0,11.49955
49,2017-08-31,27450.0,60079.0,10.7464
50,2017-09-01,26900.0,61745.0,11.01618
51,2017-09-02,26900.0,61745.0,1.7086299999999999
52,2017-09-03,26900.0,61745.0,1.74235
53,2017-09-04,26100.0,55205.0,9.74595
54,2017-09-05,25150.0,63777.0,9.9258
55,2017-09-06,27250.0,67708.0,16.15332
56,2017-09-07,27250.0,84696.0,16.28821
57,2017-09-08,27600.0,45294.0,11.63444
58,2017-09-09,27600.0,45294.0,2.09082
59,2017-09-10,27600.0,45294.0,1.78732
60,2017-09-11,29850.0,301826.0,26.3714
61,2017-09-12,30450.0,177453.0,22.13354
62,2017-09-13,30100.0,114813.0,19.62679
63,2017-09-14,31500.0,112978.0,19.683
64,2017-09-15,31800.0,93649.0,17.839470000000002
65,2017-09-16,31800.0,93649.0,2.86645
66,2017-09-17,31800.0,93649.0,2.32688
67,2017-09-18,31400.0,78593.0,14.44469
68,2017-09-19,30550.0,92689.0,14.88309
69,2017-09-20,29500.0,85075.0,13.770229999999998
70,2017-09-21,28650.0,53908.0,13.770229999999998
71,2017-09-22,27400.0,75770.0,12.25269
72,2017-09-23,27400.0,75770.0,1.8659999999999999
73,2017-09-24,27400.0,75770.0,1.79856
74,2017-09-25,25900.0,64503.0,13.28687
75,2017-09-26,26500.0,33990.0,11.37589
76,2017-09-27,27600.0,30619.0,13.1857
77,2017-09-28,27150.0,14293.0,10.25179
78,2017-09-29,28000.0,13624.0,9.36375
79,2017-09-30,28000.0,13624.0,1.52877
80,2017-10-01,28000.0,13624.0,1.23651
81,2017-10-02,28000.0,13624.0,1.05665
82,2017-10-03,28000.0,13624.0,0.6857
83,2017-10-04,28000.0,13624.0,0.7531399999999999
84,2017-10-05,28000.0,13624.0,1.02293
85,2017-10-06,28000.0,13624.0,1.1241
86,2017-10-07,28000.0,13624.0,0.8205899999999999
87,2017-10-08,28000.0,13624.0,0.94424
88,2017-10-09,28000.0,13624.0,1.3489200000000001
89,2017-10-10,28500.0,23393.0,10.78012
90,2017-10-11,28700.0,14766.0,10.02697
91,2017-10-12,27550.0,49496.0,10.46537
92,2017-10-13,26100.0,89666.0,11.27473
93,2017-10-14,26100.0,89666.0,1.45008
94,2017-10-15,26100.0,89666.0,1.21402
95,2017-10-16,26050.0,42230.0,10.982460000000001
96,2017-10-17,26300.0,25825.0,8.59937
97,2017-10-18,25300.0,33301.0,8.72302
98,2017-10-19,26100.0,23237.0,9.34127
99,2017-10-20,26300.0,22116.0,8.97032
100,2017-10-21,26300.0,22116.0,1.3489200000000001
101,2017-10-22,26300.0,22116.0,1.01169
102,2017-10-23,25400.0,37770.0,9.566089999999999
103,2017-10-24,25700.0,28485.0,8.58812
104,2017-10-25,25350.0,29175.0,7.767530000000001
105,2017-10-26,25900.0,47828.0,9.03776
106,2017-10-27,27000.0,41055.0,8.711780000000001
107,2017-10-28,27000.0,41055.0,1.5625
108,2017-10-29,27000.0,41055.0,1.30395
109,2017-10-30,27000.0,41259.0,8.81294
110,2017-10-31,26550.0,21813.0,10.64523
111,2017-11-01,27500.0,102971.0,17.569689999999998
112,2017-11-02,27300.0,51668.0,11.54451
113,2017-11-03,26950.0,22129.0,10.19559
114,2017-11-04,26950.0,22129.0,1.8098
115,2017-11-05,26950.0,22129.0,1.57374
116,2017-11-06,26050.0,38397.0,9.77967
117,2017-11-07,26300.0,25020.0,9.49865
118,2017-11-08,26600.0,27523.0,9.28507
119,2017-11-09,26500.0,36592.0,9.34127
120,2017-11-10,27950.0,120077.0,14.455929999999999
121,2017-11-11,27950.0,120077.0,2.52922
122,2017-11-12,27950.0,120077.0,2.2482
123,2017-11-13,29650.0,166208.0,22.90917
124,2017-11-14,29950.0,69665.0,19.79541
125,2017-11-15,29100.0,103586.0,16.56924
126,2017-11-16,31400.0,166489.0,21.60521
127,2017-11-17,30700.0,83383.0,16.87275
128,2017-11-18,30700.0,83383.0,3.34982
129,2017-11-19,30700.0,83383.0,2.86645
130,2017-11-20,31150.0,122166.0,16.92895
131,2017-11-21,32500.0,112463.0,20.68345
132,2017-11-22,39750.0,1336085.0,77.72032
133,2017-11-23,38500.0,253644.0,42.76079
134,2017-11-24,39800.0,408795.0,45.526070000000004
135,2017-11-25,39800.0,408795.0,8.116
136,2017-11-26,39800.0,408795.0,8.0598
137,2017-11-27,41550.0,863467.0,55.69919
138,2017-11-28,41600.0,242263.0,45.5598
139,2017-11-29,43000.0,177906.0,42.951879999999996
140,2017-11-30,41900.0,122040.0,30.68794
141,2017-12-01,41250.0,124535.0,23.504939999999998
142,2017-12-02,41250.0,124535.0,8.91411
143,2017-12-03,41250.0,124535.0,6.39613
144,2017-12-04,40500.0,98433.0,22.53821
145,2017-12-05,41450.0,122501.0,22.571939999999998
146,2017-12-06,41200.0,104441.0,23.37005
147,2017-12-07,41800.0,47197.0,18.468970000000002
148,2017-12-08,41900.0,45567.0,14.73696
149,2017-12-09,41900.0,45567.0,4.41771
150,2017-12-10,41900.0,45567.0,3.65332
151,2017-12-11,49000.0,607584.0,53.158719999999995
152,2017-12-12,52700.0,235688.0,47.03237
153,2017-12-13,52000.0,115817.0,43.884890000000006
154,2017-12-14,51000.0,96467.0,29.709979999999998
155,2017-12-15,48050.0,106704.0,26.02293
156,2017-12-16,48050.0,106704.0,5.27203
157,2017-12-17,48050.0,106704.0,5.28327
158,2017-12-18,46600.0,95123.0,23.99955
159,2017-12-19,46700.0,80235.0,21.78507
160,2017-12-20,47150.0,92483.0,23.16771
161,2017-12-21,43850.0,93379.0,20.93075
162,2017-12-22,44850.0,62582.0,17.457279999999997
163,2017-12-23,44850.0,62582.0,3.72077
164,2017-12-24,44850.0,62582.0,2.81025
165,2017-12-25,44850.0,62582.0,3.09127
166,2017-12-26,45500.0,49078.0,15.209079999999998
167,2017-12-27,46500.0,32399.0,17.0526
168,2017-12-28,47450.0,70532.0,18.68255
169,2017-12-29,47450.0,70532.0,6.39613
170,2017-12-30,47450.0,70532.0,3.31609
171,2017-12-31,47450.0,70532.0,2.42805
172,2018-01-01,47450.0,70532.0,3.79946
173,2018-01-02,48300.0,45100.0,16.78282
174,2018-01-03,46400.0,69184.0,16.40062
175,2018-01-04,44700.0,91296.0,17.80575
176,2018-01-05,44500.0,37153.0,14.91681
177,2018-01-06,44500.0,37153.0,3.72077
178,2018-01-07,44500.0,37153.0,3.2261599999999997
179,2018-01-08,42000.0,126364.0,21.11061
180,2018-01-09,42150.0,87943.0,18.66007
181,2018-01-10,42200.0,31012.0,15.42266
182,2018-01-11,42000.0,48191.0,13.80395
183,2018-01-12,40700.0,74209.0,15.98471
184,2018-01-13,40700.0,74209.0,3.3610599999999997
185,2018-01-14,40700.0,74209.0,3.03507
186,2018-01-15,38900.0,145280.0,20.90827
187,2018-01-16,40700.0,146141.0,20.11016
188,2018-01-17,43900.0,139810.0,22.32464
189,2018-01-18,43600.0,119991.0,17.85071
190,2018-01-19,43200.0,31804.0,12.544960000000001
191,2018-01-20,43200.0,31804.0,2.84397
192,2018-01-21,43200.0,31804.0,2.73156
193,2018-01-22,40950.0,68249.0,14.950529999999999
194,2018-01-23,41300.0,38845.0,13.17446
195,2018-01-24,43600.0,136707.0,19.69424
196,2018-01-25,43200.0,53943.0,16.10836
197,2018-01-26,45850.0,182646.0,22.74055
198,2018-01-27,45850.0,182646.0,7.36285
199,2018-01-28,45850.0,182646.0,7.93615
200,2018-01-29,45400.0,68974.0,25.52832
201,2018-01-30,44500.0,54691.0,17.89568
202,2018-01-31,43800.0,40143.0,14.399729999999998
203,2018-02-01,43500.0,55573.0,15.73741
204,2018-02-02,41950.0,61155.0,15.13039
205,2018-02-03,41950.0,61155.0,3.8444199999999995
206,2018-02-04,41950.0,61155.0,4.02428
207,2018-02-05,37650.0,193311.0,22.212229999999998
208,2018-02-06,38200.0,189467.0,21.593970000000002
209,2018-02-07,37000.0,103343.0,19.22212
210,2018-02-08,38500.0,74214.0,18.71627
211,2018-02-09,37800.0,30307.0,12.3651
212,2018-02-10,37800.0,30307.0,2.60791
213,2018-02-11,37800.0,30307.0,2.22571
214,2018-02-12,37750.0,31230.0,11.01618
215,2018-02-13,37150.0,26963.0,11.64568
216,2018-02-14,37550.0,16778.0,9.66726
217,2018-02-15,37550.0,16778.0,2.6978400000000002
218,2018-02-16,37550.0,16778.0,1.45008
219,2018-02-17,37550.0,16778.0,1.68615
220,2018-02-18,37550.0,16778.0,1.6411799999999999
221,2018-02-19,38550.0,18430.0,10.65647
222,2018-02-20,37750.0,22669.0,9.375
223,2018-02-21,37200.0,50657.0,10.57778
224,2018-02-22,36600.0,35489.0,9.566089999999999
225,2018-02-23,37400.0,32570.0,8.38579
226,2018-02-24,37400.0,32570.0,2.45053
227,2018-02-25,37400.0,32570.0,2.02338
228,2018-02-26,36800.0,48793.0,10.667710000000001
229,2018-02-27,36350.0,39661.0,10.46537
230,2018-02-28,35750.0,26240.0,8.43075
231,2018-03-01,35750.0,26240.0,1.8659999999999999
232,2018-03-02,34700.0,35736.0,10.139380000000001
233,2018-03-03,34700.0,35736.0,2.84397
234,2018-03-04,34700.0,35736.0,2.86645
235,2018-03-05,32900.0,72720.0,13.98381
236,2018-03-06,34600.0,43448.0,11.39838
237,2018-03-07,33050.0,45998.0,10.10566
238,2018-03-08,33500.0,29476.0,10.173110000000001
239,2018-03-09,35050.0,45884.0,10.01573
240,2018-03-10,35050.0,45884.0,2.09082
241,2018-03-11,35050.0,45884.0,2.00089
242,2018-03-12,36700.0,60239.0,12.14028
243,2018-03-13,35750.0,46453.0,11.96043
244,2018-03-14,35400.0,50110.0,11.66816
245,2018-03-15,35000.0,35308.0,11.8705
246,2018-03-16,35300.0,51561.0,11.34217
247,2018-03-17,35300.0,51561.0,4.395230000000001
248,2018-03-18,35300.0,51561.0,4.88983
249,2018-03-19,35600.0,54006.0,12.52248
250,2018-03-20,35350.0,29720.0,11.58947
251,2018-03-21,34550.0,32896.0,11.64568
252,2018-03-22,34100.0,47062.0,10.83633
253,2018-03-23,30950.0,98004.0,15.16411
254,2018-03-24,30950.0,98004.0,3.2936099999999997
255,2018-03-25,30950.0,98004.0,2.9451400000000003
256,2018-03-26,30800.0,51334.0,14.860610000000001
257,2018-03-27,31700.0,57218.0,13.63534
258,2018-03-28,30750.0,27794.0,10.454130000000001
259,2018-03-29,31000.0,20105.0,11.915460000000001
260,2018-03-30,31000.0,21488.0,11.21852
261,2018-03-31,31000.0,21488.0,2.38309
262,2018-04-01,31000.0,21488.0,2.13579
263,2018-04-02,29850.0,42183.0,12.73606
264,2018-04-03,30250.0,36097.0,12.05035
265,2018-04-04,29350.0,23103.0,10.454130000000001
266,2018-04-05,29350.0,15496.0,9.1839
267,2018-04-06,28550.0,29076.0,11.151069999999999
268,2018-04-07,28550.0,29076.0,2.34937
269,2018-04-08,28550.0,29076.0,1.65242
270,2018-04-09,28950.0,22013.0,11.01618
271,2018-04-10,28050.0,31979.0,10.352960000000001
272,2018-04-11,30900.0,112485.0,22.200979999999998
273,2018-04-12,32000.0,98492.0,21.964920000000003
274,2018-04-13,31100.0,52399.0,13.433
275,2018-04-14,31100.0,52399.0,2.92266
276,2018-04-15,31100.0,52399.0,2.12455
277,2018-04-16,32000.0,45639.0,11.90422
278,2018-04-17,33150.0,59165.0,14.09622
279,2018-04-18,32200.0,35756.0,12.61241
280,2018-04-19,31150.0,29415.0,12.3089
281,2018-04-20,31450.0,25152.0,10.69019
282,2018-04-21,31450.0,25152.0,2.12455
283,2018-04-22,31450.0,25152.0,1.49505
284,2018-04-23,30700.0,21853.0,9.858360000000001
285,2018-04-24,29250.0,46235.0,11.20728
286,2018-04-25,28800.0,22566.0,9.59982
287,2018-04-26,29350.0,14187.0,9.071489999999999
288,2018-04-27,28750.0,16077.0,8.17221
289,2018-04-28,28750.0,16077.0,1.78732
290,2018-04-29,28750.0,16077.0,1.5625
291,2018-04-30,28450.0,49514.0,9.689739999999999
292,2018-05-01,28450.0,49514.0,3.0687900000000004
293,2018-05-02,28950.0,27004.0,9.375
294,2018-05-03,30850.0,53641.0,13.30935
295,2018-05-04,30400.0,25571.0,9.723469999999999
296,2018-05-05,30400.0,25571.0,5.55305
297,2018-05-06,30400.0,25571.0,6.25
298,2018-05-07,30400.0,25571.0,3.3723
299,2018-05-08,29500.0,40317.0,12.1178
300,2018-05-09,29700.0,22708.0,10.57778
301,2018-05-10,30700.0,45137.0,11.151069999999999
302,2018-05-11,30400.0,34033.0,8.116
303,2018-05-12,30400.0,34033.0,3.74325
304,2018-05-13,30400.0,34033.0,4.2491
305,2018-05-14,31150.0,43540.0,10.46537
306,2018-05-15,30950.0,27303.0,9.16142
307,2018-05-16,29000.0,40739.0,11.01618
308,2018-05-17,27850.0,67544.0,11.76933
309,2018-05-18,28350.0,34659.0,10.02697
310,2018-05-19,28350.0,34659.0,1.89973
311,2018-05-20,28350.0,34659.0,2.13579
312,2018-05-21,27950.0,33993.0,8.81294
313,2018-05-22,27950.0,33993.0,1.91097
314,2018-05-23,27750.0,40174.0,8.81294
315,2018-05-24,26750.0,51194.0,11.600710000000001
316,2018-05-25,26750.0,30532.0,9.689739999999999
317,2018-05-26,26750.0,30532.0,2.09082
318,2018-05-27,26750.0,30532.0,1.78732
319,2018-05-28,26400.0,25780.0,9.64478
320,2018-05-29,27150.0,37146.0,9.13893
321,2018-05-30,26300.0,28012.0,8.95908
322,2018-05-31,26000.0,18139.0,8.25089
323,2018-06-01,25300.0,50226.0,10.791360000000001
324,2018-06-02,25300.0,50226.0,2.12455
325,2018-06-03,25300.0,50226.0,2.0571
326,2018-06-04,25400.0,14808.0,11.701880000000001
327,2018-06-05,28300.0,281248.0,30.49685
328,2018-06-06,28300.0,281248.0,7.4303
329,2018-06-07,29300.0,120669.0,19.78417
330,2018-06-08,28550.0,47691.0,14.42221
331,2018-06-09,28550.0,47691.0,2.78776
332,2018-06-10,28550.0,47691.0,2.06834
333,2018-06-11,27200.0,69041.0,13.433
334,2018-06-12,26950.0,46935.0,11.1848
335,2018-06-13,26950.0,46935.0,2.57419
336,2018-06-14,26150.0,39859.0,10.10566
337,2018-06-15,26000.0,56662.0,10.26303
338,2018-06-16,26000.0,56662.0,1.79856
339,2018-06-17,26000.0,56662.0,1.48381
340,2018-06-18,24500.0,62389.0,11.106110000000001
341,2018-06-19,23100.0,75405.0,12.47751
342,2018-06-20,24700.0,66605.0,14.084979999999998
343,2018-06-21,25700.0,96236.0,19.23336
344,2018-06-22,26550.0,49242.0,14.332279999999999
345,2018-06-23,26550.0,49242.0,2.8776900000000003
346,2018-06-24,26550.0,49242.0,2.2482
347,2018-06-25,28500.0,138754.0,22.30215
348,2018-06-26,31800.0,367807.0,44.90782
349,2018-06-27,31950.0,274754.0,40.535070000000005
350,2018-06-28,31950.0,122294.0,24.32553
351,2018-06-29,33050.0,330218.0,45.45863
352,2018-06-30,33050.0,330218.0,6.924460000000001
353,2018-07-01,33050.0,330218.0,7.0368699999999995
354,2018-07-02,34850.0,240413.0,46.04316
355,2018-07-03,35000.0,179525.0,38.93884
356,2018-07-04,34650.0,94009.0,33.58812
357,2018-07-05,34550.0,442712.0,48.133990000000004
358,2018-07-06,34550.0,134630.0,33.655570000000004
359,2018-07-07,34550.0,134630.0,6.18255
360,2018-07-08,34550.0,134630.0,4.575080000000001
361,2018-07-09,33700.0,90348.0,24.04451
362,2018-07-10,34250.0,158211.0,26.4276
363,2018-07-11,34200.0,191126.0,21.942439999999998
364,2018-07-12,39700.0,411290.0,48.32508
365,2018-07-13,40450.0,326722.0,43.23291
366,2018-07-14,40450.0,326722.0,7.71133
367,2018-07-15,40450.0,326722.0,6.7446
368,2018-07-16,39450.0,154420.0,33.880390000000006
369,2018-07-17,39850.0,119258.0,28.99055
370,2018-07-18,38650.0,188074.0,27.61915
371,2018-07-19,38250.0,185982.0,26.607459999999996
372,2018-07-20,38400.0,83030.0,21.009439999999998
373,2018-07-21,38400.0,83030.0,4.058
374,2018-07-22,38400.0,83030.0,3.65332
375,2018-07-23,34850.0,151380.0,24.34802
376,2018-07-24,34050.0,305695.0,26.85476
377,2018-07-25,36300.0,284445.0,30.6205
378,2018-07-26,35900.0,112194.0,22.223470000000002
379,2018-07-27,36600.0,173293.0,23.26888
380,2018-07-28,36600.0,173293.0,4.48516
381,2018-07-29,36600.0,173293.0,3.3273300000000003
382,2018-07-30,36750.0,57753.0,20.14388
383,2018-07-31,35650.0,95388.0,16.72661
384,2018-08-01,35750.0,54112.0,16.13084
385,2018-08-02,35000.0,78982.0,15.88354
386,2018-08-03,35200.0,51794.0,15.085429999999999
387,2018-08-04,35200.0,51794.0,2.85521
388,2018-08-05,35200.0,51794.0,2.52922
389,2018-08-06,33500.0,65555.0,16.41187
390,2018-08-07,33800.0,61458.0,15.265279999999999
391,2018-08-08,34150.0,69457.0,18.6151
392,2018-08-09,35450.0,56892.0,17.142529999999997
393,2018-08-10,32900.0,183504.0,20.79586
394,2018-08-11,32900.0,183504.0,3.8893800000000005
395,2018-08-12,32900.0,183504.0,3.2936099999999997
396,2018-08-13,31000.0,86908.0,16.07464
397,2018-08-14,32500.0,78212.0,17.60341
398,2018-08-15,32500.0,78212.0,4.147930000000001
399,2018-08-16,32050.0,84473.0,14.87185
400,2018-08-17,31700.0,98249.0,13.938839999999999
401,2018-08-18,31700.0,98249.0,2.3044
402,2018-08-19,31700.0,98249.0,2.45053
403,2018-08-20,31000.0,61538.0,13.11825
404,2018-08-21,31600.0,85265.0,13.39928
405,2018-08-22,31650.0,124896.0,13.882639999999999
406,2018-08-23,32000.0,58674.0,12.78102
407,2018-08-24,31550.0,84163.0,12.65737
408,2018-08-25,31550.0,84163.0,2.42805
409,2018-08-26,31550.0,84163.0,2.3044
410,2018-08-27,32100.0,108338.0,12.376339999999999
411,2018-08-28,31250.0,81453.0,13.50044
412,2018-08-29,31600.0,65051.0,13.17446
413,2018-08-30,33350.0,186507.0,18.10926
414,2018-08-31,33000.0,74061.0,14.287320000000001
415,2018-09-01,33000.0,74061.0,2.79901
416,2018-09-02,33000.0,74061.0,2.79901
417,2018-09-03,32950.0,89321.0,13.60161
418,2018-09-04,33700.0,79872.0,14.658270000000002
419,2018-09-05,35100.0,330715.0,27.012140000000002
420,2018-09-06,35000.0,129351.0,19.22212
421,2018-09-07,34550.0,171692.0,20.402420000000003
422,2018-09-08,34550.0,171692.0,3.4285
423,2018-09-09,34550.0,171692.0,3.15872
424,2018-09-10,34550.0,55703.0,15.625
425,2018-09-11,33500.0,82184.0,16.33318
426,2018-09-12,32800.0,114993.0,17.85071
427,2018-09-13,32200.0,37652.0,14.152420000000001
428,2018-09-14,32300.0,58864.0,12.43255
429,2018-09-15,32300.0,58864.0,2.15827
430,2018-09-16,32300.0,58864.0,2.13579
431,2018-09-17,33200.0,81364.0,16.13084
432,2018-09-18,34500.0,110944.0,19.48066
433,2018-09-19,35000.0,123754.0,20.70593
434,2018-09-20,34200.0,108862.0,18.142979999999998
435,2018-09-21,36400.0,175974.0,21.0544
436,2018-09-22,36400.0,175974.0,5.3732
437,2018-09-23,36400.0,175974.0,3.63084
438,2018-09-24,36400.0,175974.0,2.7090799999999997
439,2018-09-25,36400.0,175974.0,3.65332
440,2018-09-26,36400.0,175974.0,4.13669
441,2018-09-27,36650.0,112538.0,20.90827
442,2018-09-28,37450.0,175160.0,26.02293
443,2018-09-29,37450.0,175160.0,5.44064
444,2018-09-30,37450.0,175160.0,3.78821
445,2018-10-01,35950.0,112696.0,22.200979999999998
446,2018-10-02,35700.0,72671.0,18.142979999999998
447,2018-10-03,35700.0,72671.0,4.147930000000001
448,2018-10-04,35250.0,58939.0,15.29901
449,2018-10-05,34350.0,58448.0,13.73651
450,2018-10-06,34350.0,58448.0,2.86645
451,2018-10-07,34350.0,58448.0,2.06834
452,2018-10-08,33150.0,50342.0,15.512579999999998
453,2018-10-09,33150.0,50342.0,3.93435
454,2018-10-10,33150.0,62562.0,14.24235
455,2018-10-11,31550.0,93148.0,14.16366
456,2018-10-12,32900.0,63638.0,13.54541
457,2018-10-13,32900.0,63638.0,2.1133
458,2018-10-14,32900.0,63638.0,2.5517
459,2018-10-15,31350.0,60068.0,14.05125
460,2018-10-16,31900.0,42552.0,12.56744
461,2018-10-17,32550.0,35195.0,12.511239999999999
462,2018-10-18,32550.0,28160.0,13.028319999999999
463,2018-10-19,31850.0,63508.0,11.566989999999999
464,2018-10-20,31850.0,63508.0,1.8772400000000002
465,2018-10-21,31850.0,63508.0,1.6187
466,2018-10-22,32350.0,19460.0,10.90377
467,2018-10-23,29650.0,150380.0,15.8723
468,2018-10-24,27950.0,82450.0,15.06294
469,2018-10-25,26850.0,66598.0,13.50044
470,2018-10-26,25650.0,88208.0,12.12904
471,2018-10-27,25650.0,88208.0,2.18075
472,2018-10-28,25650.0,88208.0,2.13579
473,2018-10-29,23300.0,64327.0,15.73741
474,2018-10-30,25350.0,121289.0,21.06564
475,2018-10-31,26100.0,59835.0,16.19829
476,2018-11-01,26350.0,40273.0,16.906470000000002
477,2018-11-02,27350.0,49205.0,17.26618
478,2018-11-03,27350.0,49205.0,2.48426
479,2018-11-04,27350.0,49205.0,2.64163
480,2018-11-05,26900.0,35285.0,12.83723
481,2018-11-06,26800.0,26683.0,13.163210000000001
482,2018-11-07,26250.0,40200.0,13.74775
483,2018-11-08,27000.0,30421.0,13.275620000000002
484,2018-11-09,26850.0,21941.0,10.46537
485,2018-11-10,26850.0,21941.0,1.88848
486,2018-11-11,26850.0,21941.0,2.31564
487,2018-11-12,27350.0,51828.0,14.35476
488,2018-11-13,25400.0,106858.0,20.20008
489,2018-11-14,24750.0,57900.0,15.209079999999998
490,2018-11-15,23900.0,95330.0,15.512579999999998
491,2018-11-16,24400.0,56660.0,15.388929999999998
492,2018-11-17,24400.0,56660.0,3.14748
493,2018-11-18,24400.0,56660.0,2.72032
494,2018-11-19,24700.0,40221.0,13.36555
495,2018-11-20,23850.0,26654.0,11.37589
496,2018-11-21,23350.0,64655.0,11.90422
497,2018-11-22,22750.0,41546.0,12.10656
498,2018-11-23,20950.0,135922.0,19.35701
499,2018-11-24,20950.0,135922.0,3.78821
500,2018-11-25,20950.0,135922.0,3.78821
501,2018-11-26,22100.0,111844.0,16.636689999999998
502,2018-11-27,22150.0,43155.0,13.08453
503,2018-11-28,21800.0,46090.0,12.60116
504,2018-11-29,21750.0,40002.0,12.05035
505,2018-11-30,21650.0,31609.0,10.1169
506,2018-12-01,21650.0,31609.0,2.22571
507,2018-12-02,21650.0,31609.0,2.2482
508,2018-12-03,22400.0,60371.0,13.39928
509,2018-12-04,22200.0,29542.0,10.88129
510,2018-12-05,21600.0,50226.0,9.95953
511,2018-12-06,20400.0,51549.0,12.08408
512,2018-12-07,20450.0,32294.0,9.26258
513,2018-12-08,20450.0,32294.0,2.07958
514,2018-12-09,20450.0,32294.0,1.9222099999999998
515,2018-12-10,19450.0,48105.0,10.78012
516,2018-12-11,19050.0,52479.0,10.813839999999999
517,2018-12-12,19800.0,38757.0,10.24055
518,2018-12-13,20000.0,20509.0,10.038210000000001
519,2018-12-14,19200.0,48470.0,8.91411
520,2018-12-15,19200.0,48470.0,1.67491
521,2018-12-16,19200.0,48470.0,1.66366
522,2018-12-17,18500.0,66175.0,12.17401
523,2018-12-18,18450.0,37814.0,10.9375
524,2018-12-19,19200.0,69813.0,12.08408
525,2018-12-20,18050.0,106040.0,13.30935
526,2018-12-21,18700.0,105160.0,11.57823
527,2018-12-22,18700.0,105160.0,1.88848
528,2018-12-23,18700.0,105160.0,2.1133
529,2018-12-24,18450.0,31889.0,8.4982
530,2018-12-25,18450.0,31889.0,2.78776
531,2018-12-26,17850.0,64933.0,13.388029999999999
532,2018-12-27,18250.0,34243.0,13.6803
533,2018-12-28,18950.0,48989.0,11.22976
534,2018-12-29,18950.0,48989.0,2.66411
535,2018-12-30,18950.0,48989.0,1.84352
536,2018-12-31,18950.0,48989.0,3.15872
537,2019-01-01,18950.0,48989.0,2.02338
538,2019-01-02,18950.0,52793.0,10.53282
539,2019-01-03,18200.0,63679.0,11.98291
540,2019-01-04,17950.0,37382.0,10.29676
541,2019-01-05,17950.0,37382.0,2.20323
542,2019-01-06,17950.0,37382.0,2.07958
543,2019-01-07,19100.0,58695.0,14.197389999999999
544,2019-01-08,19150.0,69670.0,13.388029999999999
545,2019-01-09,19600.0,50306.0,13.961329999999998
546,2019-01-10,19350.0,44634.0,12.14028
547,2019-01-11,21300.0,616893.0,35.25179
548,2019-01-12,21300.0,616893.0,5.45188
549,2019-01-13,21300.0,616893.0,4.60881
550,2019-01-14,21000.0,123963.0,17.277420000000003
551,2019-01-15,21250.0,127053.0,15.69244
552,2019-01-16,21250.0,86126.0,14.5571
553,2019-01-17,20700.0,77044.0,13.590370000000002
554,2019-01-18,20750.0,57849.0,13.534170000000001
555,2019-01-19,20750.0,57849.0,2.78776
556,2019-01-20,20750.0,57849.0,3.21492
557,2019-01-21,21150.0,67759.0,13.08453
558,2019-01-22,21150.0,61022.0,13.08453
559,2019-01-23,21300.0,39812.0,12.88219
560,2019-01-24,21700.0,124064.0,17.04136
561,2019-01-25,22300.0,178466.0,21.875
562,2019-01-26,22300.0,178466.0,3.9118699999999995
563,2019-01-27,22300.0,178466.0,3.73201
564,2019-01-28,22350.0,119915.0,26.78732
565,2019-01-29,23500.0,314281.0,44.53687
566,2019-01-30,23550.0,130977.0,26.68615
567,2019-01-31,22800.0,108920.0,22.38084
568,2019-02-01,22400.0,88829.0,17.08633
569,2019-02-02,22400.0,88829.0,3.9118699999999995
570,2019-02-03,22400.0,88829.0,3.1025099999999997
571,2019-02-04,22400.0,88829.0,2.46178
572,2019-02-05,22400.0,88829.0,1.79856
573,2019-02-06,22400.0,88829.0,2.58543
574,2019-02-07,23300.0,107169.0,19.4919
575,2019-02-08,23200.0,73815.0,14.781920000000001
576,2019-02-09,23200.0,73815.0,2.57419
577,2019-02-10,23200.0,73815.0,2.0571
578,2019-02-11,22800.0,64473.0,13.78147
579,2019-02-12,22850.0,39816.0,14.48965
580,2019-02-13,24000.0,200104.0,24.392979999999998
581,2019-02-14,25000.0,154134.0,23.79721
582,2019-02-15,24600.0,74086.0,17.8732
583,2019-02-16,24600.0,74086.0,3.6420800000000004
584,2019-02-17,24600.0,74086.0,2.58543
585,2019-02-18,24300.0,59633.0,16.77158
586,2019-02-19,24250.0,52871.0,15.209079999999998
587,2019-02-20,24150.0,45544.0,14.79316
588,2019-02-21,23600.0,60814.0,13.54541
589,2019-02-22,23700.0,27550.0,12.27517
590,2019-02-23,23700.0,27550.0,2.29316
591,2019-02-24,23700.0,27550.0,2.14703
592,2019-02-25,24700.0,144779.0,24.392979999999998
593,2019-02-26,24600.0,134209.0,22.69559
594,2019-02-27,24350.0,51752.0,17.91816
595,2019-02-28,23150.0,82848.0,15.42266
596,2019-03-01,23150.0,82848.0,2.40557
597,2019-03-02,23150.0,82848.0,1.91097
598,2019-03-03,23150.0,82848.0,2.14703
599,2019-03-04,23300.0,48436.0,14.343520000000002
600,2019-03-05,22600.0,76580.0,14.455929999999999
601,2019-03-06,23750.0,94315.0,18.24415
602,2019-03-07,23150.0,47731.0,14.92805
603,2019-03-08,22800.0,36526.0,12.44379
604,2019-03-09,22800.0,36526.0,2.16951
605,2019-03-10,22800.0,36526.0,1.88848
606,2019-03-11,22900.0,66487.0,15.42266
607,2019-03-12,23200.0,50049.0,16.7491
608,2019-03-13,23450.0,52197.0,14.71447
609,2019-03-14,24200.0,109665.0,17.81699
610,2019-03-15,23350.0,94825.0,13.06205
611,2019-03-16,23350.0,94825.0,2.52922
612,2019-03-17,23350.0,94825.0,2.38309
613,2019-03-18,23650.0,36179.0,14.455929999999999
614,2019-03-19,24300.0,104851.0,17.80575
615,2019-03-20,24150.0,46497.0,13.961329999999998
616,2019-03-21,24950.0,228290.0,20.267529999999997
617,2019-03-22,24750.0,137158.0,16.29946
618,2019-03-23,24750.0,137158.0,3.1025099999999997
619,2019-03-24,24750.0,137158.0,2.65287
620,2019-03-25,23650.0,77514.0,13.69154
621,2019-03-26,23800.0,51315.0,13.69154
622,2019-03-27,22850.0,78266.0,14.47841
623,2019-03-28,21600.0,93503.0,16.9964
624,2019-03-29,21800.0,38714.0,12.90467
625,2019-03-30,21800.0,38714.0,2.36061
626,2019-03-31,21800.0,38714.0,2.02338
627,2019-04-01,22400.0,35777.0,13.42176
628,2019-04-02,22500.0,20048.0,12.544960000000001
629,2019-04-03,22750.0,26847.0,11.151069999999999
630,2019-04-04,22700.0,28195.0,12.07284
631,2019-04-05,22750.0,21925.0,10.71267
632,2019-04-06,22750.0,21925.0,2.40557
633,2019-04-07,22750.0,21925.0,1.9222099999999998
634,2019-04-08,23050.0,55207.0,12.15152
635,2019-04-09,23050.0,36072.0,11.285969999999999
636,2019-04-10,23050.0,34983.0,10.26303
637,2019-04-11,23150.0,34637.0,9.858360000000001
638,2019-04-12,23950.0,120168.0,12.38758
639,2019-04-13,23950.0,120168.0,2.86645
640,2019-04-14,23950.0,120168.0,2.52922
641,2019-04-15,23700.0,51482.0,11.20728
642,2019-04-16,23250.0,59977.0,9.47616
643,2019-04-17,23700.0,91043.0,11.465819999999999
644,2019-04-18,22600.0,81897.0,11.37589
645,2019-04-19,22850.0,26365.0,9.83588
646,2019-04-20,22850.0,26365.0,1.84352
647,2019-04-21,22850.0,26365.0,1.88848
648,2019-04-22,22550.0,30412.0,10.47661
649,2019-04-23,21950.0,59558.0,11.89298
650,2019-04-24,22000.0,34968.0,10.04946
651,2019-04-25,21550.0,24468.0,9.21762
652,2019-04-26,21200.0,48797.0,9.64478
653,2019-04-27,21200.0,48797.0,1.68615
654,2019-04-28,21200.0,48797.0,1.59622
655,2019-04-29,21000.0,31561.0,11.69064
656,2019-04-30,21600.0,40534.0,10.65647
657,2019-05-01,21600.0,40534.0,3.19244
658,2019-05-02,21500.0,14225.0,9.34127
659,2019-05-03,21500.0,11080.0,9.13893
660,2019-05-04,21500.0,11080.0,1.8210400000000002
661,2019-05-05,21500.0,11080.0,1.4051200000000001
662,2019-05-06,21500.0,11080.0,2.04586
663,2019-05-07,21000.0,15008.0,8.72302
664,2019-05-08,20350.0,45471.0,10.7464
665,2019-05-09,19250.0,60086.0,10.83633
666,2019-05-10,19250.0,27660.0,9.195139999999999
667,2019-05-11,19250.0,27660.0,1.48381
668,2019-05-12,19250.0,27660.0,1.5175299999999998
669,2019-05-13,19200.0,16082.0,8.891630000000001
670,2019-05-14,19650.0,28150.0,10.18435
671,2019-05-15,19950.0,25372.0,10.89253
672,2019-05-16,19200.0,58375.0,13.06205
673,2019-05-17,19100.0,33515.0,9.13893
674,2019-05-18,19100.0,33515.0,1.5175299999999998
675,2019-05-19,19100.0,33515.0,1.54001
676,2019-05-20,21400.0,336234.0,41.63669
677,2019-05-21,21200.0,75603.0,25.966720000000002
678,2019-05-22,21200.0,48670.0,17.09757
679,2019-05-23,21000.0,35699.0,14.5571
680,2019-05-24,21200.0,30360.0,12.12904
681,2019-05-25,21200.0,30360.0,2.65287
682,2019-05-26,21200.0,30360.0,2.03462
683,2019-05-27,20650.0,36772.0,13.028319999999999
684,2019-05-28,21100.0,28818.0,13.882639999999999
685,2019-05-29,21650.0,68091.0,14.860610000000001
686,2019-05-30,22400.0,85175.0,17.569689999999998
687,2019-05-31,21300.0,93268.0,17.40107
688,2019-06-01,21300.0,93268.0,2.9451400000000003
689,2019-06-02,21300.0,93268.0,2.45053
690,2019-06-03,22000.0,87723.0,19.42446
691,2019-06-04,10650.0,323397.0,39.44469
692,2019-06-05,10700.0,43084.0,19.3008
693,2019-06-06,10700.0,43084.0,5.19334
694,2019-06-07,10850.0,49246.0,15.535070000000001
695,2019-06-08,10850.0,49246.0,3.66456
696,2019-06-09,10850.0,49246.0,3.09127
697,2019-06-10,10850.0,32282.0,15.16411
698,2019-06-11,13750.0,1174201.0,60.442890000000006
699,2019-06-12,13100.0,257088.0,34.56609
700,2019-06-13,13150.0,712214.0,35.57778
701,2019-06-14,12500.0,121544.0,20.290010000000002
702,2019-06-15,12500.0,121544.0,4.40647
703,2019-06-16,12500.0,121544.0,3.54091
704,2019-06-17,12300.0,96073.0,17.32239
705,2019-06-18,12600.0,114278.0,19.446939999999998
706,2019-06-19,12300.0,89686.0,15.80485
707,2019-06-20,12300.0,42277.0,15.42266
708,2019-06-21,13350.0,897477.0,36.25224
709,2019-06-22,13350.0,897477.0,6.10386
710,2019-06-23,13350.0,897477.0,4.45143
711,2019-06-24,12600.0,163472.0,25.31474
712,2019-06-25,11700.0,370019.0,27.45053
713,2019-06-26,11750.0,196461.0,20.8071
714,2019-06-27,11450.0,133358.0,17.08633
715,2019-06-28,11900.0,149095.0,16.56924
716,2019-06-29,11900.0,149095.0,3.1025099999999997
717,2019-06-30,11900.0,149095.0,2.95638
718,2019-07-01,11500.0,82245.0,15.55755
719,2019-07-02,11250.0,88248.0,15.19784
720,2019-07-03,11400.0,136739.0,17.70458
721,2019-07-04,11250.0,123439.0,15.894779999999999
722,2019-07-05,11000.0,65137.0,14.70323
723,2019-07-06,11000.0,65137.0,2.58543
724,2019-07-07,11000.0,65137.0,1.9222099999999998
725,2019-07-08,10200.0,148921.0,14.09622
726,2019-07-09,9900.0,147022.0,15.37769
727,2019-07-10,9950.0,94691.0,14.63579
728,2019-07-11,10050.0,58044.0,14.366
729,2019-07-12,10550.0,178398.0,16.35566
730,2019-07-13,10550.0,178398.0,2.6978400000000002
731,2019-07-14,10550.0,178398.0,1.83228
732,2019-07-15,10600.0,81228.0,14.09622
733,2019-07-16,10500.0,106287.0,14.18615
734,2019-07-17,10150.0,85083.0,12.5562
735,2019-07-18,10150.0,53874.0,13.11825
736,2019-07-19,10350.0,46157.0,12.48875
737,2019-07-20,10350.0,46157.0,1.77607
738,2019-07-21,10350.0,46157.0,1.77607
739,2019-07-22,10400.0,33724.0,11.780569999999999
740,2019-07-23,10300.0,50214.0,11.82553
741,2019-07-24,10000.0,68370.0,11.06115
742,2019-07-25,9640.0,76896.0,11.780569999999999
743,2019-07-26,9700.0,50586.0,10.90377
744,2019-07-27,9700.0,50586.0,1.5175299999999998
745,2019-07-28,9700.0,50586.0,1.3826399999999999
746,2019-07-29,9050.0,107253.0,11.128589999999999
747,2019-07-30,9180.0,42316.0,11.252239999999999
748,2019-07-31,8960.0,116634.0,12.96088
749,2019-08-01,8550.0,66774.0,11.96043
750,2019-08-02,8730.0,76376.0,12.691089999999999
751,2019-08-03,8730.0,76376.0,1.54001
752,2019-08-04,8730.0,76376.0,1.54001
753,2019-08-05,7870.0,116437.0,14.107460000000001
754,2019-08-06,7400.0,176516.0,14.579579999999998
755,2019-08-07,7430.0,115782.0,12.38758
756,2019-08-08,7760.0,81653.0,12.89343
757,2019-08-09,7700.0,66124.0,11.98291
758,2019-08-10,7700.0,66124.0,1.83228
759,2019-08-11,7700.0,66124.0,1.50629
760,2019-08-12,7970.0,40524.0,12.634889999999999
761,2019-08-13,7840.0,46315.0,11.49955
762,2019-08-14,7750.0,45459.0,10.813839999999999
763,2019-08-15,7750.0,45459.0,2.14703
764,2019-08-16,7490.0,45617.0,9.80215
765,2019-08-17,7490.0,45617.0,1.4051200000000001
766,2019-08-18,7490.0,45617.0,1.29271
767,2019-08-19,7650.0,31024.0,10.04946
768,2019-08-20,8040.0,55444.0,12.47751
769,2019-08-21,8110.0,36423.0,11.80305
770,2019-08-22,7980.0,44296.0,10.25179
771,2019-08-23,7870.0,77766.0,9.29631
772,2019-08-24,7870.0,77766.0,1.24775
773,2019-08-25,7870.0,77766.0,1.09037
774,2019-08-26,7390.0,59578.0,10.25179
775,2019-08-27,7380.0,58359.0,10.09442
776,2019-08-28,7640.0,39546.0,10.308
777,2019-08-29,7510.0,34974.0,8.66681
778,2019-08-30,7870.0,79230.0,10.48785
779,2019-08-31,7870.0,79230.0,1.24775
780,2019-09-01,7870.0,79230.0,1.57374
781,2019-09-02,7960.0,34506.0,10.01573
782,2019-09-03,7970.0,30506.0,8.891630000000001
783,2019-09-04,8160.0,84109.0,11.252239999999999
784,2019-09-05,8410.0,77846.0,11.94919
785,2019-09-06,8180.0,70299.0,9.9258
786,2019-09-07,8180.0,70299.0,1.45008
787,2019-09-08,8180.0,70299.0,1.13534
788,2019-09-09,8130.0,44917.0,9.66726
789,2019-09-10,8040.0,44030.0,8.48696
790,2019-09-11,8110.0,26986.0,8.4982
791,2019-09-12,8110.0,26986.0,3.69829
792,2019-09-13,8110.0,26986.0,1.6187
793,2019-09-14,8110.0,26986.0,1.59622
794,2019-09-15,8110.0,26986.0,1.95593
795,2019-09-16,8270.0,52307.0,12.47751
796,2019-09-17,8500.0,88448.0,13.15197
797,2019-09-18,8370.0,52026.0,11.151069999999999
798,2019-09-19,8520.0,86586.0,11.21852
799,2019-09-20,8410.0,42166.0,10.02697
800,2019-09-21,8410.0,42166.0,1.74235
801,2019-09-22,8410.0,42166.0,1.3151899999999999
802,2019-09-23,8160.0,84951.0,9.195139999999999
803,2019-09-24,8290.0,31637.0,9.73471
804,2019-09-25,8030.0,55684.0,9.251339999999999
