날짜,종가,전일비,시가,고가,저가,거래량
2016-01-01,2190.0,85.0,2105.0,2195.0,2085.0,466706.0
2016-01-02,2190.0,85.0,2105.0,2195.0,2085.0,466706.0
2016-01-03,2190.0,85.0,2105.0,2195.0,2085.0,466706.0
2016-01-04,2085.0,105.0,2165.0,2180.0,2085.0,689388.0
2016-01-05,2045.0,40.0,2035.0,2075.0,2020.0,652929.0
2016-01-06,2060.0,15.0,2060.0,2085.0,2035.0,461716.0
2016-01-07,2040.0,20.0,2085.0,2085.0,2010.0,404465.0
2016-01-08,1960.0,80.0,2010.0,2035.0,1905.0,637365.0
2016-01-09,1960.0,80.0,2010.0,2035.0,1905.0,637365.0
2016-01-10,1960.0,80.0,2010.0,2035.0,1905.0,637365.0
2016-01-11,1945.0,15.0,1925.0,2005.0,1925.0,373117.0
2016-01-12,1945.0,0.0,1975.0,1980.0,1925.0,413478.0
2016-01-13,2035.0,90.0,1945.0,2070.0,1935.0,760675.0
2016-01-14,1995.0,40.0,2015.0,2030.0,1975.0,500778.0
2016-01-15,2000.0,5.0,2010.0,2060.0,1980.0,751022.0
2016-01-16,2000.0,5.0,2010.0,2060.0,1980.0,751022.0
2016-01-17,2000.0,5.0,2010.0,2060.0,1980.0,751022.0
2016-01-18,1955.0,45.0,1945.0,1995.0,1935.0,382598.0
2016-01-19,1950.0,5.0,1925.0,1980.0,1880.0,843592.0
2016-01-20,1795.0,155.0,1935.0,1965.0,1765.0,1686125.0
2016-01-21,1840.0,45.0,1795.0,1870.0,1765.0,671949.0
2016-01-22,1840.0,0.0,1850.0,1890.0,1815.0,512009.0
2016-01-23,1840.0,0.0,1850.0,1890.0,1815.0,512009.0
2016-01-24,1840.0,0.0,1850.0,1890.0,1815.0,512009.0
2016-01-25,1915.0,75.0,1875.0,1965.0,1845.0,708437.0
2016-01-26,1870.0,45.0,1915.0,1940.0,1865.0,486095.0
2016-01-27,1890.0,20.0,1885.0,1950.0,1885.0,493685.0
2016-01-28,1940.0,50.0,1885.0,1970.0,1870.0,761888.0
2016-01-29,1990.0,50.0,1935.0,2120.0,1910.0,1513599.0
2016-01-30,1990.0,50.0,1935.0,2120.0,1910.0,1513599.0
2016-01-31,1990.0,50.0,1935.0,2120.0,1910.0,1513599.0
2016-02-01,1925.0,65.0,1990.0,2000.0,1925.0,440399.0
2016-02-02,1910.0,15.0,1915.0,1955.0,1905.0,359858.0
2016-02-03,1885.0,25.0,1920.0,1920.0,1850.0,609673.0
2016-02-04,1945.0,60.0,1895.0,1975.0,1870.0,649440.0
2016-02-05,1925.0,20.0,1950.0,1970.0,1910.0,438378.0
2016-02-06,1925.0,20.0,1950.0,1970.0,1910.0,438378.0
2016-02-07,1925.0,20.0,1950.0,1970.0,1910.0,438378.0
2016-02-08,1925.0,20.0,1950.0,1970.0,1910.0,438378.0
2016-02-09,1925.0,20.0,1950.0,1970.0,1910.0,438378.0
2016-02-10,1925.0,20.0,1950.0,1970.0,1910.0,438378.0
2016-02-11,1815.0,110.0,1885.0,1890.0,1805.0,1026755.0
2016-02-12,1700.0,115.0,1785.0,1830.0,1645.0,1649205.0
2016-02-13,1700.0,115.0,1785.0,1830.0,1645.0,1649205.0
2016-02-14,1700.0,115.0,1785.0,1830.0,1645.0,1649205.0
2016-02-15,1830.0,130.0,1775.0,2045.0,1720.0,8856216.0
2016-02-16,1835.0,5.0,1865.0,1890.0,1815.0,1795423.0
2016-02-17,1960.0,125.0,1880.0,2040.0,1860.0,3776557.0
2016-02-18,1975.0,15.0,2005.0,2080.0,1955.0,1509773.0
2016-02-19,2035.0,60.0,1960.0,2050.0,1950.0,877558.0
2016-02-20,2035.0,60.0,1960.0,2050.0,1950.0,877558.0
2016-02-21,2035.0,60.0,1960.0,2050.0,1950.0,877558.0
2016-02-22,2130.0,95.0,2060.0,2170.0,2055.0,1570760.0
2016-02-23,2075.0,55.0,2150.0,2180.0,2050.0,1094419.0
2016-02-24,2045.0,30.0,2060.0,2105.0,2040.0,764922.0
2016-02-25,2025.0,20.0,2060.0,2140.0,2010.0,1051987.0
2016-02-26,2025.0,0.0,2070.0,2075.0,2005.0,531088.0
2016-02-27,2025.0,0.0,2070.0,2075.0,2005.0,531088.0
2016-02-28,2025.0,0.0,2070.0,2075.0,2005.0,531088.0
2016-02-29,1990.0,35.0,2040.0,2040.0,1975.0,844447.0
2016-03-01,1990.0,35.0,2040.0,2040.0,1975.0,844447.0
2016-03-02,1995.0,5.0,2010.0,2020.0,1970.0,789105.0
2016-03-03,1920.0,75.0,2000.0,2020.0,1920.0,1593993.0
2016-03-04,1930.0,10.0,1920.0,1935.0,1910.0,609985.0
2016-03-05,1930.0,10.0,1920.0,1935.0,1910.0,609985.0
2016-03-06,1930.0,10.0,1920.0,1935.0,1910.0,609985.0
2016-03-07,1945.0,15.0,1930.0,1970.0,1925.0,827415.0
2016-03-08,1930.0,15.0,1955.0,1965.0,1925.0,776711.0
2016-03-09,2135.0,205.0,1950.0,2150.0,1940.0,3640296.0
2016-03-10,2150.0,15.0,2150.0,2200.0,2070.0,2146619.0
2016-03-11,2230.0,80.0,2120.0,2230.0,2090.0,2214731.0
2016-03-12,2230.0,80.0,2120.0,2230.0,2090.0,2214731.0
2016-03-13,2230.0,80.0,2120.0,2230.0,2090.0,2214731.0
2016-03-14,2200.0,30.0,2235.0,2240.0,2190.0,760395.0
2016-03-15,2195.0,5.0,2200.0,2245.0,2150.0,904866.0
2016-03-16,2175.0,20.0,2195.0,2225.0,2160.0,709510.0
2016-03-17,2175.0,0.0,2180.0,2215.0,2170.0,507786.0
2016-03-18,2170.0,5.0,2160.0,2195.0,2145.0,839014.0
2016-03-19,2170.0,5.0,2160.0,2195.0,2145.0,839014.0
2016-03-20,2170.0,5.0,2160.0,2195.0,2145.0,839014.0
2016-03-21,2275.0,105.0,2175.0,2285.0,2175.0,2003220.0
2016-03-22,2310.0,35.0,2310.0,2380.0,2270.0,2308727.0
2016-03-23,2345.0,35.0,2330.0,2435.0,2300.0,2126405.0
2016-03-24,2320.0,25.0,2440.0,2450.0,2320.0,2155730.0
2016-03-25,2345.0,25.0,2335.0,2360.0,2280.0,975953.0
2016-03-26,2345.0,25.0,2335.0,2360.0,2280.0,975953.0
2016-03-27,2345.0,25.0,2335.0,2360.0,2280.0,975953.0
2016-03-28,2315.0,30.0,2375.0,2385.0,2310.0,883702.0
2016-03-29,2575.0,260.0,2340.0,2595.0,2335.0,6864576.0
2016-03-30,2460.0,115.0,2540.0,2545.0,2420.0,3271187.0
2016-03-31,2450.0,10.0,2460.0,2505.0,2390.0,1677836.0
2016-04-01,2365.0,85.0,2485.0,2500.0,2330.0,2094668.0
2016-04-02,2365.0,85.0,2485.0,2500.0,2330.0,2094668.0
2016-04-03,2365.0,85.0,2485.0,2500.0,2330.0,2094668.0
2016-04-04,2310.0,55.0,2360.0,2415.0,2245.0,2527706.0
2016-04-05,2325.0,15.0,2360.0,2385.0,2325.0,1568003.0
2016-04-06,2410.0,85.0,2340.0,2435.0,2275.0,1930512.0
2016-04-07,2315.0,95.0,2440.0,2450.0,2290.0,1490759.0
2016-04-08,2290.0,25.0,2315.0,2330.0,2190.0,1879568.0
2016-04-09,2290.0,25.0,2315.0,2330.0,2190.0,1879568.0
2016-04-10,2290.0,25.0,2315.0,2330.0,2190.0,1879568.0
2016-04-11,2340.0,50.0,2295.0,2350.0,2260.0,1131297.0
2016-04-12,2305.0,35.0,2350.0,2355.0,2280.0,1084479.0
2016-04-13,2305.0,35.0,2350.0,2355.0,2280.0,1084479.0
2016-04-14,2220.0,85.0,2305.0,2315.0,2200.0,1750865.0
2016-04-15,2340.0,120.0,2250.0,2355.0,2235.0,2354112.0
2016-04-16,2340.0,120.0,2250.0,2355.0,2235.0,2354112.0
2016-04-17,2340.0,120.0,2250.0,2355.0,2235.0,2354112.0
2016-04-18,2385.0,45.0,2360.0,2495.0,2340.0,4187558.0
2016-04-19,2450.0,65.0,2390.0,2460.0,2365.0,1435014.0
2016-04-20,2460.0,10.0,2455.0,2490.0,2425.0,1231698.0
2016-04-21,2460.0,0.0,2495.0,2500.0,2420.0,1052666.0
2016-04-22,2440.0,20.0,2430.0,2460.0,2380.0,1309276.0
2016-04-23,2440.0,20.0,2430.0,2460.0,2380.0,1309276.0
2016-04-24,2440.0,20.0,2430.0,2460.0,2380.0,1309276.0
2016-04-25,2355.0,85.0,2420.0,2465.0,2355.0,1263885.0
2016-04-26,2395.0,40.0,2370.0,2400.0,2330.0,928340.0
2016-04-27,2315.0,80.0,2405.0,2410.0,2300.0,1075680.0
2016-04-28,2355.0,40.0,2320.0,2375.0,2300.0,772261.0
2016-04-29,2340.0,15.0,2335.0,2385.0,2305.0,582918.0
2016-04-30,2340.0,15.0,2335.0,2385.0,2305.0,582918.0
2016-05-01,2340.0,15.0,2335.0,2385.0,2305.0,582918.0
2016-05-02,2270.0,70.0,2340.0,2350.0,2250.0,932708.0
2016-05-03,2295.0,25.0,2255.0,2305.0,2255.0,592879.0
2016-05-04,2270.0,25.0,2270.0,2320.0,2245.0,588475.0
2016-05-05,2270.0,25.0,2270.0,2320.0,2245.0,588475.0
2016-05-06,2270.0,25.0,2270.0,2320.0,2245.0,588475.0
2016-05-07,2270.0,25.0,2270.0,2320.0,2245.0,588475.0
2016-05-08,2270.0,25.0,2270.0,2320.0,2245.0,588475.0
2016-05-09,2200.0,70.0,2275.0,2280.0,2190.0,1069551.0
2016-05-10,2260.0,60.0,2220.0,2275.0,2210.0,725309.0
2016-05-11,2250.0,10.0,2270.0,2320.0,2225.0,830056.0
2016-05-12,2245.0,5.0,2230.0,2260.0,2200.0,1022301.0
2016-05-13,2260.0,15.0,2240.0,2295.0,2240.0,625543.0
2016-05-14,2260.0,15.0,2240.0,2295.0,2240.0,625543.0
2016-05-15,2260.0,15.0,2240.0,2295.0,2240.0,625543.0
2016-05-16,2290.0,30.0,2240.0,2330.0,2215.0,1422454.0
2016-05-17,2245.0,45.0,2300.0,2310.0,2220.0,962943.0
2016-05-18,2155.0,90.0,2240.0,2250.0,2155.0,1192047.0
2016-05-19,2050.0,105.0,2155.0,2180.0,2050.0,1426621.0
2016-05-20,2095.0,45.0,2035.0,2140.0,2030.0,892520.0
2016-05-21,2095.0,45.0,2035.0,2140.0,2030.0,892520.0
2016-05-22,2095.0,45.0,2035.0,2140.0,2030.0,892520.0
2016-05-23,2110.0,15.0,2080.0,2160.0,2075.0,761161.0
2016-05-24,2105.0,5.0,2100.0,2130.0,2085.0,859216.0
2016-05-25,2110.0,5.0,2130.0,2160.0,2110.0,801218.0
2016-05-26,2140.0,30.0,2140.0,2195.0,2120.0,1002851.0
2016-05-27,2280.0,140.0,2180.0,2460.0,2150.0,8392717.0
2016-05-28,2280.0,140.0,2180.0,2460.0,2150.0,8392717.0
2016-05-29,2280.0,140.0,2180.0,2460.0,2150.0,8392717.0
2016-05-30,2320.0,40.0,2290.0,2360.0,2290.0,2668185.0
2016-05-31,2360.0,40.0,2320.0,2415.0,2310.0,2866414.0
2016-06-01,2340.0,20.0,2375.0,2375.0,2305.0,1380250.0
2016-06-02,2395.0,55.0,2325.0,2410.0,2320.0,2288639.0
2016-06-03,2360.0,35.0,2395.0,2420.0,2360.0,1080204.0
2016-06-04,2360.0,35.0,2395.0,2420.0,2360.0,1080204.0
2016-06-05,2360.0,35.0,2395.0,2420.0,2360.0,1080204.0
2016-06-06,2360.0,35.0,2395.0,2420.0,2360.0,1080204.0
2016-06-07,2335.0,25.0,2360.0,2390.0,2320.0,1050354.0
2016-06-08,2380.0,45.0,2350.0,2395.0,2320.0,1418099.0
2016-06-09,2445.0,65.0,2410.0,2565.0,2390.0,6821061.0
2016-06-10,2420.0,25.0,2460.0,2465.0,2380.0,1514435.0
2016-06-11,2420.0,25.0,2460.0,2465.0,2380.0,1514435.0
2016-06-12,2420.0,25.0,2460.0,2465.0,2380.0,1514435.0
2016-06-13,2310.0,110.0,2380.0,2385.0,2310.0,1310559.0
2016-06-14,2365.0,55.0,2325.0,2370.0,2305.0,928765.0
2016-06-15,2340.0,25.0,2350.0,2370.0,2310.0,762742.0
2016-06-16,2280.0,60.0,2365.0,2365.0,2255.0,944917.0
2016-06-17,2270.0,10.0,2295.0,2315.0,2250.0,983418.0
2016-06-18,2270.0,10.0,2295.0,2315.0,2250.0,983418.0
2016-06-19,2270.0,10.0,2295.0,2315.0,2250.0,983418.0
2016-06-20,2375.0,105.0,2280.0,2390.0,2280.0,1404360.0
2016-06-21,2435.0,60.0,2380.0,2435.0,2335.0,1870554.0
2016-06-22,2495.0,60.0,2445.0,2515.0,2410.0,2818934.0
2016-06-23,2395.0,100.0,2490.0,2495.0,2385.0,1900654.0
2016-06-24,2260.0,135.0,2480.0,2505.0,2155.0,5783074.0
2016-06-25,2260.0,135.0,2480.0,2505.0,2155.0,5783074.0
2016-06-26,2260.0,135.0,2480.0,2505.0,2155.0,5783074.0
2016-06-27,2375.0,115.0,2200.0,2385.0,2200.0,2504434.0
2016-06-28,2440.0,65.0,2360.0,2465.0,2350.0,1998888.0
2016-06-29,2565.0,125.0,2505.0,2645.0,2460.0,6884251.0
2016-06-30,2595.0,30.0,2585.0,2620.0,2505.0,3185926.0
2016-07-01,2590.0,5.0,2645.0,2695.0,2570.0,4082843.0
2016-07-02,2590.0,5.0,2645.0,2695.0,2570.0,4082843.0
2016-07-03,2590.0,5.0,2645.0,2695.0,2570.0,4082843.0
2016-07-04,2560.0,30.0,2590.0,2615.0,2520.0,1933103.0
2016-07-05,2595.0,35.0,2580.0,2625.0,2520.0,2382418.0
2016-07-06,2510.0,85.0,2625.0,2630.0,2490.0,2407860.0
2016-07-07,2525.0,15.0,2560.0,2570.0,2510.0,1393727.0
2016-07-08,2550.0,25.0,2525.0,2575.0,2495.0,1468255.0
2016-07-09,2550.0,25.0,2525.0,2575.0,2495.0,1468255.0
2016-07-10,2550.0,25.0,2525.0,2575.0,2495.0,1468255.0
2016-07-11,2670.0,120.0,2565.0,2670.0,2560.0,3948549.0
2016-07-12,2685.0,15.0,2690.0,2705.0,2625.0,3142914.0
2016-07-13,2735.0,50.0,2690.0,2740.0,2650.0,3334051.0
2016-07-14,2310.0,425.0,2660.0,2700.0,2310.0,13724535.0
2016-07-15,2205.0,105.0,2310.0,2320.0,2195.0,4442548.0
2016-07-16,2205.0,105.0,2310.0,2320.0,2195.0,4442548.0
2016-07-17,2205.0,105.0,2310.0,2320.0,2195.0,4442548.0
2016-07-18,2220.0,15.0,2235.0,2260.0,2205.0,1748474.0
2016-07-19,2215.0,5.0,2255.0,2285.0,2210.0,1628070.0
2016-07-20,2180.0,35.0,2225.0,2230.0,2165.0,1698131.0
2016-07-21,2140.0,40.0,2195.0,2200.0,2135.0,1714906.0
2016-07-22,2110.0,30.0,2150.0,2165.0,2100.0,1437980.0
2016-07-23,2110.0,30.0,2150.0,2165.0,2100.0,1437980.0
2016-07-24,2110.0,30.0,2150.0,2165.0,2100.0,1437980.0
2016-07-25,2120.0,10.0,2115.0,2145.0,2085.0,1354205.0
2016-07-26,2125.0,5.0,2120.0,2135.0,2105.0,962424.0
2016-07-27,2080.0,45.0,2130.0,2130.0,2080.0,1286436.0
2016-07-28,2065.0,15.0,2075.0,2125.0,2060.0,804760.0
2016-07-29,2055.0,10.0,2085.0,2090.0,2055.0,566415.0
2016-07-30,2055.0,10.0,2085.0,2090.0,2055.0,566415.0
2016-07-31,2055.0,10.0,2085.0,2090.0,2055.0,566415.0
2016-08-01,2010.0,45.0,2055.0,2080.0,2005.0,853102.0
2016-08-02,2005.0,5.0,1980.0,2050.0,1955.0,1173483.0
2016-08-03,1995.0,10.0,2005.0,2035.0,1990.0,693474.0
2016-08-04,1985.0,10.0,1980.0,2015.0,1980.0,630221.0
2016-08-05,2025.0,40.0,2010.0,2145.0,2000.0,2440886.0
2016-08-06,2025.0,40.0,2010.0,2145.0,2000.0,2440886.0
2016-08-07,2025.0,40.0,2010.0,2145.0,2000.0,2440886.0
2016-08-08,2050.0,25.0,2025.0,2075.0,2015.0,715676.0
2016-08-09,2035.0,15.0,2050.0,2055.0,2020.0,565852.0
2016-08-10,2040.0,5.0,2030.0,2065.0,2030.0,428782.0
2016-08-11,2070.0,30.0,2040.0,2100.0,2040.0,1045124.0
2016-08-12,2070.0,0.0,2100.0,2115.0,2070.0,803085.0
2016-08-13,2070.0,0.0,2100.0,2115.0,2070.0,803085.0
2016-08-14,2070.0,0.0,2100.0,2115.0,2070.0,803085.0
2016-08-15,2070.0,0.0,2100.0,2115.0,2070.0,803085.0
2016-08-16,2035.0,35.0,2050.0,2065.0,2000.0,796614.0
2016-08-17,2020.0,15.0,2030.0,2040.0,1990.0,688245.0
2016-08-18,2005.0,15.0,2020.0,2035.0,1995.0,572546.0
2016-08-19,1985.0,20.0,2005.0,2025.0,1985.0,612431.0
2016-08-20,1985.0,20.0,2005.0,2025.0,1985.0,612431.0
2016-08-21,1985.0,20.0,2005.0,2025.0,1985.0,612431.0
2016-08-22,1920.0,65.0,1985.0,2000.0,1915.0,866113.0
2016-08-23,1880.0,40.0,1920.0,1940.0,1875.0,1181328.0
2016-08-24,1895.0,15.0,1885.0,1935.0,1880.0,596512.0
2016-08-25,1895.0,0.0,1910.0,1920.0,1880.0,490650.0
2016-08-26,1900.0,5.0,1895.0,1930.0,1880.0,558719.0
2016-08-27,1900.0,5.0,1895.0,1930.0,1880.0,558719.0
2016-08-28,1900.0,5.0,1895.0,1930.0,1880.0,558719.0
2016-08-29,1805.0,95.0,1890.0,1920.0,1790.0,961570.0
2016-08-30,1840.0,35.0,1805.0,1870.0,1805.0,694626.0
2016-08-31,1865.0,25.0,1830.0,1880.0,1830.0,420693.0
2016-09-01,1885.0,20.0,1850.0,1890.0,1825.0,291149.0
2016-09-02,1880.0,5.0,1880.0,1890.0,1860.0,271840.0
2016-09-03,1880.0,5.0,1880.0,1890.0,1860.0,271840.0
2016-09-04,1880.0,5.0,1880.0,1890.0,1860.0,271840.0
2016-09-05,1890.0,10.0,1895.0,1905.0,1865.0,378142.0
2016-09-06,1890.0,0.0,1890.0,1935.0,1885.0,319032.0
2016-09-07,1890.0,0.0,1905.0,1920.0,1860.0,366258.0
2016-09-08,1830.0,60.0,1900.0,1900.0,1820.0,592206.0
2016-09-09,1825.0,5.0,1835.0,1840.0,1800.0,344635.0
2016-09-10,1825.0,5.0,1835.0,1840.0,1800.0,344635.0
2016-09-11,1825.0,5.0,1835.0,1840.0,1800.0,344635.0
2016-09-12,1800.0,25.0,1755.0,1820.0,1755.0,352888.0
2016-09-13,1840.0,40.0,1800.0,1860.0,1800.0,392311.0
2016-09-14,1840.0,40.0,1800.0,1860.0,1800.0,392311.0
2016-09-15,1840.0,40.0,1800.0,1860.0,1800.0,392311.0
2016-09-16,1840.0,40.0,1800.0,1860.0,1800.0,392311.0
2016-09-17,1840.0,40.0,1800.0,1860.0,1800.0,392311.0
2016-09-18,1840.0,40.0,1800.0,1860.0,1800.0,392311.0
2016-09-19,1885.0,45.0,1840.0,1950.0,1830.0,1362603.0
2016-09-20,1895.0,10.0,1900.0,1915.0,1865.0,382154.0
2016-09-21,1880.0,15.0,1895.0,1910.0,1850.0,423570.0
2016-09-22,1905.0,25.0,1890.0,1915.0,1865.0,550568.0
2016-09-23,1905.0,0.0,1915.0,1930.0,1890.0,269922.0
2016-09-24,1905.0,0.0,1915.0,1930.0,1890.0,269922.0
2016-09-25,1905.0,0.0,1915.0,1930.0,1890.0,269922.0
2016-09-26,1900.0,5.0,1905.0,1925.0,1885.0,349882.0
2016-09-27,1885.0,15.0,1885.0,1895.0,1870.0,451562.0
2016-09-28,1890.0,5.0,1910.0,1920.0,1875.0,368146.0
2016-09-29,1895.0,5.0,1895.0,1900.0,1880.0,260531.0
2016-09-30,1865.0,30.0,1880.0,1890.0,1865.0,382829.0
2016-10-01,1865.0,30.0,1880.0,1890.0,1865.0,382829.0
2016-10-02,1865.0,30.0,1880.0,1890.0,1865.0,382829.0
2016-10-03,1865.0,30.0,1880.0,1890.0,1865.0,382829.0
2016-10-04,1905.0,40.0,1865.0,1915.0,1860.0,392148.0
2016-10-05,1910.0,5.0,1930.0,1940.0,1900.0,578624.0
2016-10-06,1895.0,15.0,1915.0,1925.0,1895.0,253347.0
2016-10-07,1865.0,30.0,1895.0,1900.0,1855.0,400829.0
2016-10-08,1865.0,30.0,1895.0,1900.0,1855.0,400829.0
2016-10-09,1865.0,30.0,1895.0,1900.0,1855.0,400829.0
2016-10-10,1845.0,20.0,1850.0,1875.0,1820.0,235750.0
2016-10-11,1840.0,5.0,1850.0,1860.0,1825.0,346608.0
2016-10-12,1830.0,10.0,1840.0,1850.0,1820.0,218732.0
2016-10-13,1825.0,5.0,1820.0,1850.0,1820.0,242771.0
2016-10-14,1795.0,30.0,1820.0,1835.0,1795.0,423484.0
2016-10-15,1795.0,30.0,1820.0,1835.0,1795.0,423484.0
2016-10-16,1795.0,30.0,1820.0,1835.0,1795.0,423484.0
2016-10-17,1750.0,45.0,1785.0,1805.0,1740.0,595508.0
2016-10-18,1755.0,5.0,1730.0,1775.0,1730.0,306750.0
2016-10-19,1770.0,15.0,1775.0,1775.0,1750.0,259918.0
2016-10-20,1745.0,25.0,1760.0,1775.0,1715.0,314937.0
2016-10-21,1725.0,20.0,1720.0,1740.0,1715.0,191495.0
2016-10-22,1725.0,20.0,1720.0,1740.0,1715.0,191495.0
2016-10-23,1725.0,20.0,1720.0,1740.0,1715.0,191495.0
2016-10-24,1700.0,25.0,1710.0,1740.0,1700.0,214512.0
2016-10-25,1695.0,5.0,1705.0,1725.0,1665.0,396667.0
2016-10-26,1675.0,20.0,1680.0,1785.0,1675.0,526338.0
2016-10-27,1710.0,35.0,1670.0,1730.0,1670.0,288316.0
2016-10-28,1725.0,15.0,1710.0,1730.0,1710.0,94844.0
2016-10-29,1725.0,15.0,1710.0,1730.0,1710.0,94844.0
2016-10-30,1725.0,15.0,1710.0,1730.0,1710.0,94844.0
2016-10-31,1650.0,75.0,1735.0,1750.0,1650.0,496882.0
2016-11-01,1610.0,40.0,1635.0,1655.0,1590.0,591823.0
2016-11-02,1485.0,125.0,1590.0,1610.0,1480.0,1122074.0
2016-11-03,1515.0,30.0,1445.0,1515.0,1445.0,483833.0
2016-11-04,1515.0,0.0,1500.0,1530.0,1480.0,263210.0
2016-11-05,1515.0,0.0,1500.0,1530.0,1480.0,263210.0
2016-11-06,1515.0,0.0,1500.0,1530.0,1480.0,263210.0
2016-11-07,1570.0,55.0,1510.0,1600.0,1510.0,246088.0
2016-11-08,1600.0,30.0,1575.0,1600.0,1555.0,230495.0
2016-11-09,1485.0,115.0,1590.0,1615.0,1420.0,1090020.0
2016-11-10,1535.0,50.0,1505.0,1550.0,1505.0,517491.0
2016-11-11,1565.0,30.0,1535.0,1580.0,1520.0,349522.0
2016-11-12,1565.0,30.0,1535.0,1580.0,1520.0,349522.0
2016-11-13,1565.0,30.0,1535.0,1580.0,1520.0,349522.0
2016-11-14,1585.0,20.0,1565.0,1585.0,1555.0,166550.0
2016-11-15,1570.0,15.0,1590.0,1595.0,1560.0,142490.0
2016-11-16,1580.0,10.0,1580.0,1600.0,1565.0,179703.0
2016-11-17,1630.0,50.0,1570.0,1680.0,1570.0,664730.0
2016-11-18,1605.0,25.0,1630.0,1650.0,1605.0,136677.0
2016-11-19,1605.0,25.0,1630.0,1650.0,1605.0,136677.0
2016-11-20,1605.0,25.0,1630.0,1650.0,1605.0,136677.0
2016-11-21,1565.0,40.0,1585.0,1620.0,1560.0,145130.0
2016-11-22,1560.0,5.0,1570.0,1595.0,1560.0,122803.0
2016-11-23,1535.0,25.0,1560.0,1575.0,1530.0,217565.0
2016-11-24,1485.0,50.0,1530.0,1565.0,1485.0,186074.0
2016-11-25,1560.0,75.0,1475.0,1655.0,1475.0,480850.0
2016-11-26,1560.0,75.0,1475.0,1655.0,1475.0,480850.0
2016-11-27,1560.0,75.0,1475.0,1655.0,1475.0,480850.0
2016-11-28,1545.0,15.0,1550.0,1570.0,1525.0,161351.0
2016-11-29,1510.0,35.0,1565.0,1565.0,1510.0,163067.0
2016-11-30,1520.0,10.0,1520.0,1535.0,1505.0,115385.0
2016-12-01,1560.0,40.0,1525.0,1560.0,1515.0,127331.0
2016-12-02,1550.0,10.0,1545.0,1560.0,1530.0,116171.0
2016-12-03,1550.0,10.0,1545.0,1560.0,1530.0,116171.0
2016-12-04,1550.0,10.0,1545.0,1560.0,1530.0,116171.0
2016-12-05,1560.0,10.0,1555.0,1570.0,1520.0,285550.0
2016-12-06,1590.0,30.0,1555.0,1600.0,1555.0,247328.0
2016-12-07,1565.0,25.0,1605.0,1610.0,1530.0,264692.0
2016-12-08,1580.0,15.0,1560.0,1605.0,1560.0,130677.0
2016-12-09,1585.0,5.0,1565.0,1615.0,1565.0,257514.0
2016-12-10,1585.0,5.0,1565.0,1615.0,1565.0,257514.0
2016-12-11,1585.0,5.0,1565.0,1615.0,1565.0,257514.0
2016-12-12,1610.0,25.0,1585.0,1615.0,1585.0,215350.0
2016-12-13,1625.0,15.0,1610.0,1645.0,1595.0,282304.0
2016-12-14,1630.0,5.0,1630.0,1650.0,1625.0,152644.0
2016-12-15,1670.0,40.0,1620.0,1670.0,1615.0,239410.0
2016-12-16,1655.0,15.0,1670.0,1675.0,1645.0,184256.0
2016-12-17,1655.0,15.0,1670.0,1675.0,1645.0,184256.0
2016-12-18,1655.0,15.0,1670.0,1675.0,1645.0,184256.0
2016-12-19,1645.0,10.0,1655.0,1655.0,1635.0,94790.0
2016-12-20,1625.0,20.0,1650.0,1650.0,1625.0,147698.0
2016-12-21,1620.0,5.0,1635.0,1645.0,1620.0,154247.0
2016-12-22,1615.0,5.0,1640.0,1640.0,1615.0,101378.0
2016-12-23,1630.0,15.0,1630.0,1660.0,1615.0,164341.0
2016-12-24,1630.0,15.0,1630.0,1660.0,1615.0,164341.0
2016-12-25,1630.0,15.0,1630.0,1660.0,1615.0,164341.0
2016-12-26,1620.0,10.0,1645.0,1650.0,1620.0,172097.0
2016-12-27,1670.0,50.0,1635.0,1800.0,1615.0,3086783.0
2016-12-28,1705.0,35.0,1680.0,1720.0,1665.0,673158.0
2016-12-29,1670.0,35.0,1705.0,1710.0,1665.0,296393.0
2016-12-30,1670.0,35.0,1705.0,1710.0,1665.0,296393.0
2016-12-31,1670.0,35.0,1705.0,1710.0,1665.0,296393.0
2017-01-01,1670.0,35.0,1705.0,1710.0,1665.0,296393.0
2017-01-02,1705.0,35.0,1660.0,1705.0,1650.0,262056.0
2017-01-03,1710.0,5.0,1725.0,1730.0,1685.0,368050.0
2017-01-04,1725.0,15.0,1725.0,1735.0,1700.0,309674.0
2017-01-05,1760.0,35.0,1725.0,1770.0,1715.0,669837.0
2017-01-06,1755.0,5.0,1770.0,1795.0,1745.0,526139.0
2017-01-07,1755.0,5.0,1770.0,1795.0,1745.0,526139.0
2017-01-08,1755.0,5.0,1770.0,1795.0,1745.0,526139.0
2017-01-09,1720.0,35.0,1755.0,1760.0,1710.0,329938.0
2017-01-10,1740.0,20.0,1710.0,1765.0,1705.0,347601.0
2017-01-11,1725.0,15.0,1750.0,1750.0,1705.0,194416.0
2017-01-12,1700.0,25.0,1725.0,1745.0,1675.0,305200.0
2017-01-13,1695.0,5.0,1710.0,1710.0,1675.0,240233.0
2017-01-14,1695.0,5.0,1710.0,1710.0,1675.0,240233.0
2017-01-15,1695.0,5.0,1710.0,1710.0,1675.0,240233.0
2017-01-16,1680.0,15.0,1690.0,1705.0,1660.0,261775.0
2017-01-17,1630.0,50.0,1665.0,1680.0,1615.0,344722.0
2017-01-18,1635.0,5.0,1625.0,1670.0,1615.0,227382.0
2017-01-19,1640.0,5.0,1630.0,1675.0,1630.0,197231.0
2017-01-20,1630.0,10.0,1640.0,1660.0,1620.0,104870.0
2017-01-21,1630.0,10.0,1640.0,1660.0,1620.0,104870.0
2017-01-22,1630.0,10.0,1640.0,1660.0,1620.0,104870.0
2017-01-23,1555.0,75.0,1630.0,1660.0,1555.0,325854.0
2017-01-24,1565.0,10.0,1555.0,1580.0,1535.0,168856.0
2017-01-25,1560.0,5.0,1585.0,1585.0,1520.0,252721.0
2017-01-26,1545.0,15.0,1570.0,1570.0,1530.0,162430.0
2017-01-27,1545.0,15.0,1570.0,1570.0,1530.0,162430.0
2017-01-28,1545.0,15.0,1570.0,1570.0,1530.0,162430.0
2017-01-29,1545.0,15.0,1570.0,1570.0,1530.0,162430.0
2017-01-30,1545.0,15.0,1570.0,1570.0,1530.0,162430.0
2017-01-31,1545.0,0.0,1530.0,1550.0,1525.0,123103.0
2017-02-01,1545.0,0.0,1550.0,1565.0,1535.0,109936.0
2017-02-02,1540.0,5.0,1540.0,1550.0,1525.0,220192.0
2017-02-03,1480.0,60.0,1520.0,1540.0,1470.0,434747.0
2017-02-04,1480.0,60.0,1520.0,1540.0,1470.0,434747.0
2017-02-05,1480.0,60.0,1520.0,1540.0,1470.0,434747.0
2017-02-06,1500.0,20.0,1485.0,1525.0,1485.0,180365.0
2017-02-07,1510.0,10.0,1490.0,1525.0,1490.0,113929.0
2017-02-08,1480.0,30.0,1520.0,1520.0,1475.0,138245.0
2017-02-09,1490.0,10.0,1475.0,1495.0,1470.0,167202.0
2017-02-10,1485.0,5.0,1495.0,1525.0,1470.0,234429.0
2017-02-11,1485.0,5.0,1495.0,1525.0,1470.0,234429.0
2017-02-12,1485.0,5.0,1495.0,1525.0,1470.0,234429.0
2017-02-13,1520.0,35.0,1485.0,1520.0,1475.0,178603.0
2017-02-14,1600.0,80.0,1510.0,1645.0,1510.0,705484.0
2017-02-15,1560.0,40.0,1600.0,1610.0,1555.0,433354.0
2017-02-16,1580.0,20.0,1560.0,1605.0,1545.0,519339.0
2017-02-17,1565.0,15.0,1570.0,1600.0,1565.0,168486.0
2017-02-18,1565.0,15.0,1570.0,1600.0,1565.0,168486.0
2017-02-19,1565.0,15.0,1570.0,1600.0,1565.0,168486.0
2017-02-20,1575.0,10.0,1585.0,1590.0,1550.0,245127.0
2017-02-21,1590.0,15.0,1580.0,1605.0,1580.0,313170.0
2017-02-22,1590.0,0.0,1595.0,1610.0,1585.0,168875.0
2017-02-23,1565.0,25.0,1595.0,1610.0,1565.0,187006.0
2017-02-24,1545.0,20.0,1565.0,1575.0,1540.0,228310.0
2017-02-25,1545.0,20.0,1565.0,1575.0,1540.0,228310.0
2017-02-26,1545.0,20.0,1565.0,1575.0,1540.0,228310.0
2017-02-27,1545.0,0.0,1555.0,1570.0,1540.0,155488.0
2017-02-28,1550.0,5.0,1550.0,1560.0,1535.0,131731.0
2017-03-01,1550.0,5.0,1550.0,1560.0,1535.0,131731.0
2017-03-02,1575.0,25.0,1555.0,1585.0,1550.0,211661.0
2017-03-03,1550.0,25.0,1585.0,1585.0,1545.0,214907.0
2017-03-04,1550.0,25.0,1585.0,1585.0,1545.0,214907.0
2017-03-05,1550.0,25.0,1585.0,1585.0,1545.0,214907.0
2017-03-06,1555.0,5.0,1545.0,1580.0,1530.0,105327.0
2017-03-07,1555.0,0.0,1540.0,1570.0,1540.0,131964.0
2017-03-08,1580.0,25.0,1560.0,1590.0,1550.0,360975.0
2017-03-09,1580.0,0.0,1570.0,1600.0,1565.0,264840.0
2017-03-10,1555.0,25.0,1580.0,1620.0,1485.0,750476.0
2017-03-11,1555.0,25.0,1580.0,1620.0,1485.0,750476.0
2017-03-12,1555.0,25.0,1580.0,1620.0,1485.0,750476.0
2017-03-13,1570.0,15.0,1540.0,1580.0,1540.0,135905.0
2017-03-14,1605.0,35.0,1575.0,1620.0,1560.0,486006.0
2017-03-15,1600.0,5.0,1625.0,1635.0,1585.0,342894.0
2017-03-16,1600.0,0.0,1600.0,1605.0,1575.0,336645.0
2017-03-17,1610.0,10.0,1605.0,1620.0,1590.0,316863.0
2017-03-18,1610.0,10.0,1605.0,1620.0,1590.0,316863.0
2017-03-19,1610.0,10.0,1605.0,1620.0,1590.0,316863.0
2017-03-20,1625.0,15.0,1600.0,1675.0,1600.0,966033.0
2017-03-21,1645.0,20.0,1625.0,1645.0,1610.0,436198.0
2017-03-22,1635.0,10.0,1635.0,1665.0,1620.0,465204.0
2017-03-23,1615.0,20.0,1630.0,1645.0,1605.0,295920.0
2017-03-24,1610.0,5.0,1615.0,1625.0,1605.0,191443.0
2017-03-25,1610.0,5.0,1615.0,1625.0,1605.0,191443.0
2017-03-26,1610.0,5.0,1615.0,1625.0,1605.0,191443.0
2017-03-27,1600.0,10.0,1595.0,1635.0,1590.0,322373.0
2017-03-28,1620.0,20.0,1600.0,1620.0,1585.0,319586.0
2017-03-29,1610.0,10.0,1625.0,1645.0,1610.0,556633.0
2017-03-30,1615.0,5.0,1610.0,1620.0,1595.0,226177.0
2017-03-31,1615.0,0.0,1605.0,1640.0,1600.0,300092.0
2017-04-01,1615.0,0.0,1605.0,1640.0,1600.0,300092.0
2017-04-02,1615.0,0.0,1605.0,1640.0,1600.0,300092.0
2017-04-03,1615.0,0.0,1640.0,1640.0,1575.0,480364.0
2017-04-04,1585.0,30.0,1610.0,1620.0,1585.0,357245.0
2017-04-05,1605.0,20.0,1575.0,1605.0,1575.0,245072.0
2017-04-06,1585.0,20.0,1595.0,1605.0,1585.0,251324.0
2017-04-07,1600.0,15.0,1590.0,1605.0,1585.0,215407.0
2017-04-08,1600.0,15.0,1590.0,1605.0,1585.0,215407.0
2017-04-09,1600.0,15.0,1590.0,1605.0,1585.0,215407.0
2017-04-10,1565.0,35.0,1620.0,1620.0,1555.0,375733.0
2017-04-11,1555.0,10.0,1550.0,1575.0,1530.0,269551.0
2017-04-12,1525.0,30.0,1560.0,1560.0,1520.0,236795.0
2017-04-13,1525.0,0.0,1525.0,1540.0,1520.0,226013.0
2017-04-14,1510.0,15.0,1510.0,1530.0,1510.0,231875.0
2017-04-15,1510.0,15.0,1510.0,1530.0,1510.0,231875.0
2017-04-16,1510.0,15.0,1510.0,1530.0,1510.0,231875.0
2017-04-17,1510.0,0.0,1520.0,1520.0,1500.0,178421.0
2017-04-18,1520.0,10.0,1510.0,1525.0,1500.0,205644.0
2017-04-19,1525.0,5.0,1510.0,1530.0,1505.0,318967.0
2017-04-20,1510.0,15.0,1525.0,1525.0,1500.0,375654.0
2017-04-21,1505.0,5.0,1510.0,1515.0,1495.0,209524.0
2017-04-22,1505.0,5.0,1510.0,1515.0,1495.0,209524.0
2017-04-23,1505.0,5.0,1510.0,1515.0,1495.0,209524.0
2017-04-24,1470.0,35.0,1505.0,1505.0,1470.0,427908.0
2017-04-25,1480.0,10.0,1480.0,1485.0,1470.0,119133.0
2017-04-26,1490.0,10.0,1485.0,1500.0,1480.0,268035.0
2017-04-27,1485.0,5.0,1480.0,1495.0,1475.0,193156.0
2017-04-28,1480.0,5.0,1490.0,1500.0,1475.0,278784.0
2017-04-29,1480.0,5.0,1490.0,1500.0,1475.0,278784.0
2017-04-30,1480.0,5.0,1490.0,1500.0,1475.0,278784.0
2017-05-01,1480.0,5.0,1490.0,1500.0,1475.0,278784.0
2017-05-02,1460.0,20.0,1490.0,1490.0,1460.0,188266.0
2017-05-03,1460.0,20.0,1490.0,1490.0,1460.0,188266.0
2017-05-04,1460.0,0.0,1450.0,1475.0,1445.0,301503.0
2017-05-05,1460.0,0.0,1450.0,1475.0,1445.0,301503.0
2017-05-06,1460.0,0.0,1450.0,1475.0,1445.0,301503.0
2017-05-07,1460.0,0.0,1450.0,1475.0,1445.0,301503.0
2017-05-08,1470.0,10.0,1460.0,1480.0,1460.0,258223.0
2017-05-09,1470.0,10.0,1460.0,1480.0,1460.0,258223.0
2017-05-10,1500.0,30.0,1475.0,1525.0,1465.0,258916.0
2017-05-11,1495.0,5.0,1500.0,1520.0,1490.0,143463.0
2017-05-12,1490.0,5.0,1495.0,1505.0,1485.0,70812.0
2017-05-13,1490.0,5.0,1495.0,1505.0,1485.0,70812.0
2017-05-14,1490.0,5.0,1495.0,1505.0,1485.0,70812.0
2017-05-15,1490.0,0.0,1490.0,1505.0,1480.0,100853.0
2017-05-16,1480.0,10.0,1500.0,1500.0,1470.0,172094.0
2017-05-17,1460.0,20.0,1490.0,1490.0,1450.0,341145.0
2017-05-18,1435.0,25.0,1440.0,1455.0,1420.0,335142.0
2017-05-19,1465.0,30.0,1440.0,1465.0,1435.0,237466.0
2017-05-20,1465.0,30.0,1440.0,1465.0,1435.0,237466.0
2017-05-21,1465.0,30.0,1440.0,1465.0,1435.0,237466.0
2017-05-22,1475.0,10.0,1485.0,1520.0,1465.0,1036300.0
2017-05-23,1490.0,15.0,1475.0,1505.0,1475.0,206540.0
2017-05-24,1485.0,5.0,1485.0,1515.0,1480.0,179144.0
2017-05-25,1495.0,10.0,1500.0,1515.0,1475.0,483397.0
2017-05-26,1505.0,10.0,1495.0,1515.0,1495.0,279720.0
2017-05-27,1505.0,10.0,1495.0,1515.0,1495.0,279720.0
2017-05-28,1505.0,10.0,1495.0,1515.0,1495.0,279720.0
2017-05-29,1495.0,10.0,1505.0,1510.0,1485.0,135300.0
2017-05-30,1510.0,15.0,1490.0,1510.0,1490.0,241426.0
2017-05-31,1495.0,15.0,1500.0,1515.0,1495.0,216802.0
2017-06-01,1495.0,0.0,1495.0,1505.0,1480.0,188324.0
2017-06-02,1505.0,10.0,1490.0,1510.0,1480.0,302318.0
2017-06-03,1505.0,10.0,1490.0,1510.0,1480.0,302318.0
2017-06-04,1505.0,10.0,1490.0,1510.0,1480.0,302318.0
2017-06-05,1505.0,0.0,1505.0,1530.0,1500.0,261808.0
2017-06-06,1505.0,0.0,1505.0,1530.0,1500.0,261808.0
2017-06-07,1500.0,5.0,1495.0,1510.0,1490.0,122224.0
2017-06-08,1485.0,15.0,1505.0,1505.0,1485.0,142021.0
2017-06-09,1470.0,15.0,1495.0,1495.0,1465.0,212992.0
2017-06-10,1470.0,15.0,1495.0,1495.0,1465.0,212992.0
2017-06-11,1470.0,15.0,1495.0,1495.0,1465.0,212992.0
2017-06-12,1460.0,10.0,1470.0,1480.0,1455.0,136024.0
2017-06-13,1470.0,10.0,1460.0,1475.0,1455.0,128886.0
2017-06-14,1505.0,35.0,1470.0,1505.0,1465.0,288671.0
2017-06-15,1495.0,10.0,1500.0,1515.0,1480.0,151689.0
2017-06-16,1485.0,10.0,1500.0,1505.0,1480.0,115008.0
2017-06-17,1485.0,10.0,1500.0,1505.0,1480.0,115008.0
2017-06-18,1485.0,10.0,1500.0,1505.0,1480.0,115008.0
2017-06-19,1485.0,0.0,1485.0,1500.0,1470.0,208462.0
2017-06-20,1470.0,15.0,1480.0,1490.0,1470.0,118028.0
2017-06-21,1465.0,5.0,1480.0,1480.0,1450.0,181075.0
2017-06-22,1450.0,15.0,1465.0,1465.0,1445.0,156852.0
2017-06-23,1460.0,10.0,1450.0,1470.0,1450.0,205163.0
2017-06-24,1460.0,10.0,1450.0,1470.0,1450.0,205163.0
2017-06-25,1460.0,10.0,1450.0,1470.0,1450.0,205163.0
2017-06-26,1450.0,10.0,1470.0,1480.0,1440.0,208059.0
2017-06-27,1445.0,5.0,1460.0,1460.0,1440.0,277096.0
2017-06-28,1445.0,0.0,1435.0,1450.0,1430.0,153769.0
2017-06-29,1440.0,5.0,1440.0,1455.0,1430.0,146967.0
2017-06-30,1440.0,0.0,1435.0,1445.0,1430.0,86868.0
2017-07-01,1440.0,0.0,1435.0,1445.0,1430.0,86868.0
2017-07-02,1440.0,0.0,1435.0,1445.0,1430.0,86868.0
2017-07-03,1410.0,30.0,1445.0,1450.0,1405.0,324105.0
2017-07-04,1370.0,40.0,1420.0,1420.0,1365.0,485570.0
2017-07-05,1375.0,5.0,1375.0,1385.0,1360.0,115264.0
2017-07-06,1375.0,0.0,1375.0,1385.0,1370.0,128669.0
2017-07-07,1370.0,5.0,1375.0,1380.0,1365.0,154573.0
2017-07-08,1370.0,5.0,1375.0,1380.0,1365.0,154573.0
2017-07-09,1370.0,5.0,1375.0,1380.0,1365.0,154573.0
2017-07-10,1355.0,15.0,1365.0,1375.0,1355.0,148556.0
2017-07-11,1320.0,35.0,1345.0,1360.0,1300.0,333665.0
2017-07-12,1325.0,5.0,1310.0,1330.0,1300.0,264580.0
2017-07-13,1335.0,10.0,1320.0,1335.0,1310.0,207173.0
2017-07-14,1330.0,5.0,1320.0,1335.0,1310.0,149013.0
2017-07-15,1330.0,5.0,1320.0,1335.0,1310.0,149013.0
2017-07-16,1330.0,5.0,1320.0,1335.0,1310.0,149013.0
2017-07-17,1335.0,5.0,1335.0,1340.0,1325.0,97115.0
2017-07-18,1350.0,15.0,1330.0,1360.0,1330.0,234548.0
2017-07-19,1380.0,30.0,1355.0,1385.0,1355.0,130297.0
2017-07-20,1390.0,10.0,1380.0,1395.0,1370.0,130138.0
2017-07-21,1375.0,15.0,1385.0,1395.0,1365.0,64847.0
2017-07-22,1375.0,15.0,1385.0,1395.0,1365.0,64847.0
2017-07-23,1375.0,15.0,1385.0,1395.0,1365.0,64847.0
2017-07-24,1380.0,5.0,1355.0,1385.0,1350.0,108245.0
2017-07-25,1375.0,5.0,1385.0,1390.0,1355.0,49025.0
2017-07-26,1355.0,20.0,1375.0,1375.0,1330.0,99179.0
2017-07-27,1370.0,15.0,1340.0,1370.0,1330.0,187419.0
2017-07-28,1375.0,5.0,1375.0,1405.0,1355.0,235110.0
2017-07-29,1375.0,5.0,1375.0,1405.0,1355.0,235110.0
2017-07-30,1375.0,5.0,1375.0,1405.0,1355.0,235110.0
2017-07-31,1340.0,35.0,1390.0,1390.0,1300.0,642201.0
2017-08-01,1375.0,35.0,1335.0,1375.0,1335.0,122516.0
2017-08-02,1370.0,5.0,1365.0,1380.0,1360.0,105077.0
2017-08-03,1360.0,10.0,1370.0,1380.0,1335.0,207484.0
2017-08-04,1360.0,0.0,1380.0,1380.0,1340.0,87928.0
2017-08-05,1360.0,0.0,1380.0,1380.0,1340.0,87928.0
2017-08-06,1360.0,0.0,1380.0,1380.0,1340.0,87928.0
2017-08-07,1400.0,40.0,1375.0,1425.0,1375.0,414821.0
2017-08-08,1400.0,0.0,1400.0,1410.0,1375.0,128871.0
2017-08-09,1375.0,25.0,1380.0,1400.0,1355.0,135858.0
2017-08-10,1355.0,20.0,1375.0,1385.0,1315.0,278879.0
2017-08-11,1305.0,50.0,1340.0,1340.0,1295.0,437636.0
2017-08-12,1305.0,50.0,1340.0,1340.0,1295.0,437636.0
2017-08-13,1305.0,50.0,1340.0,1340.0,1295.0,437636.0
2017-08-14,1265.0,40.0,1285.0,1305.0,1240.0,523848.0
2017-08-15,1265.0,40.0,1285.0,1305.0,1240.0,523848.0
2017-08-16,1280.0,15.0,1315.0,1315.0,1265.0,225941.0
2017-08-17,1290.0,10.0,1295.0,1300.0,1270.0,96327.0
2017-08-18,1325.0,35.0,1275.0,1400.0,1270.0,969296.0
2017-08-19,1325.0,35.0,1275.0,1400.0,1270.0,969296.0
2017-08-20,1325.0,35.0,1275.0,1400.0,1270.0,969296.0
2017-08-21,1290.0,35.0,1325.0,1325.0,1290.0,120863.0
2017-08-22,1280.0,10.0,1295.0,1300.0,1270.0,170987.0
2017-08-23,1305.0,25.0,1285.0,1340.0,1285.0,317279.0
2017-08-24,1310.0,5.0,1315.0,1315.0,1295.0,137794.0
2017-08-25,1290.0,20.0,1325.0,1325.0,1260.0,293896.0
2017-08-26,1290.0,20.0,1325.0,1325.0,1260.0,293896.0
2017-08-27,1290.0,20.0,1325.0,1325.0,1260.0,293896.0
2017-08-28,1285.0,5.0,1280.0,1300.0,1270.0,248446.0
2017-08-29,1275.0,10.0,1280.0,1285.0,1270.0,89267.0
2017-08-30,1270.0,5.0,1270.0,1285.0,1265.0,120591.0
2017-08-31,1270.0,0.0,1270.0,1280.0,1260.0,148432.0
2017-09-01,1265.0,5.0,1270.0,1275.0,1265.0,105944.0
2017-09-02,1265.0,5.0,1270.0,1275.0,1265.0,105944.0
2017-09-03,1265.0,5.0,1270.0,1275.0,1265.0,105944.0
2017-09-04,1265.0,0.0,1250.0,1270.0,1200.0,271330.0
2017-09-05,1225.0,40.0,1265.0,1265.0,1220.0,285442.0
2017-09-06,1225.0,0.0,1240.0,1240.0,1220.0,105624.0
2017-09-07,1225.0,0.0,1220.0,1230.0,1215.0,81816.0
2017-09-08,1205.0,20.0,1225.0,1230.0,1105.0,1395721.0
2017-09-09,1205.0,20.0,1225.0,1230.0,1105.0,1395721.0
2017-09-10,1205.0,20.0,1225.0,1230.0,1105.0,1395721.0
2017-09-11,1225.0,20.0,1195.0,1230.0,1180.0,384005.0
2017-09-12,1220.0,5.0,1325.0,1455.0,1220.0,12435681.0
2017-09-13,1220.0,0.0,1240.0,1240.0,1190.0,913940.0
2017-09-14,1200.0,20.0,1220.0,1250.0,1195.0,688458.0
2017-09-15,1190.0,10.0,1190.0,1210.0,1175.0,415469.0
2017-09-16,1190.0,10.0,1190.0,1210.0,1175.0,415469.0
2017-09-17,1190.0,10.0,1190.0,1210.0,1175.0,415469.0
2017-09-18,1170.0,20.0,1180.0,1200.0,1170.0,263591.0
2017-09-19,1175.0,5.0,1170.0,1190.0,1160.0,261412.0
2017-09-20,1145.0,30.0,1165.0,1180.0,1145.0,262972.0
2017-09-21,1115.0,30.0,1140.0,1150.0,1105.0,329665.0
2017-09-22,1145.0,30.0,1065.0,1145.0,1065.0,735961.0
2017-09-23,1145.0,30.0,1065.0,1145.0,1065.0,735961.0
2017-09-24,1145.0,30.0,1065.0,1145.0,1065.0,735961.0
2017-09-25,1105.0,40.0,1110.0,1145.0,1065.0,393474.0
2017-09-26,1040.0,65.0,1065.0,1090.0,998.0,1016114.0
2017-09-27,1080.0,40.0,1035.0,1085.0,1035.0,176999.0
2017-09-28,1115.0,35.0,1080.0,1135.0,1070.0,189292.0
2017-09-29,1120.0,5.0,1110.0,1130.0,1105.0,137888.0
2017-09-30,1120.0,5.0,1110.0,1130.0,1105.0,137888.0
2017-10-01,1120.0,5.0,1110.0,1130.0,1105.0,137888.0
2017-10-02,1120.0,5.0,1110.0,1130.0,1105.0,137888.0
2017-10-03,1120.0,5.0,1110.0,1130.0,1105.0,137888.0
2017-10-04,1120.0,5.0,1110.0,1130.0,1105.0,137888.0
2017-10-05,1120.0,5.0,1110.0,1130.0,1105.0,137888.0
2017-10-06,1120.0,5.0,1110.0,1130.0,1105.0,137888.0
2017-10-07,1120.0,5.0,1110.0,1130.0,1105.0,137888.0
2017-10-08,1120.0,5.0,1110.0,1130.0,1105.0,137888.0
2017-10-09,1120.0,5.0,1110.0,1130.0,1105.0,137888.0
2017-10-10,1080.0,40.0,1095.0,1110.0,1060.0,308915.0
2017-10-11,1090.0,10.0,1075.0,1110.0,1070.0,95511.0
2017-10-12,1095.0,5.0,1085.0,1105.0,1085.0,69396.0
2017-10-13,1070.0,25.0,1095.0,1100.0,1065.0,72990.0
2017-10-14,1070.0,25.0,1095.0,1100.0,1065.0,72990.0
2017-10-15,1070.0,25.0,1095.0,1100.0,1065.0,72990.0
2017-10-16,1065.0,5.0,1080.0,1080.0,1050.0,130645.0
2017-10-17,1070.0,5.0,1065.0,1085.0,1055.0,104193.0
2017-10-18,1065.0,5.0,1065.0,1080.0,1055.0,97301.0
2017-10-19,1075.0,10.0,1055.0,1145.0,1055.0,517618.0
2017-10-20,1075.0,0.0,1065.0,1090.0,1055.0,141624.0
2017-10-21,1075.0,0.0,1065.0,1090.0,1055.0,141624.0
2017-10-22,1075.0,0.0,1065.0,1090.0,1055.0,141624.0
2017-10-23,1090.0,15.0,1085.0,1090.0,1070.0,179537.0
2017-10-24,1105.0,15.0,1090.0,1110.0,1080.0,107196.0
2017-10-25,1105.0,0.0,1115.0,1120.0,1095.0,136730.0
2017-10-26,1115.0,10.0,1105.0,1135.0,1105.0,196993.0
2017-10-27,1135.0,20.0,1120.0,1145.0,1120.0,186161.0
2017-10-28,1135.0,20.0,1120.0,1145.0,1120.0,186161.0
2017-10-29,1135.0,20.0,1120.0,1145.0,1120.0,186161.0
2017-10-30,1145.0,10.0,1130.0,1150.0,1130.0,151497.0
2017-10-31,1145.0,0.0,1150.0,1150.0,1120.0,198960.0
2017-11-01,1160.0,15.0,1150.0,1170.0,1140.0,114863.0
2017-11-02,1140.0,20.0,1165.0,1165.0,1135.0,95691.0
2017-11-03,1135.0,5.0,1140.0,1140.0,1120.0,92751.0
2017-11-04,1135.0,5.0,1140.0,1140.0,1120.0,92751.0
2017-11-05,1135.0,5.0,1140.0,1140.0,1120.0,92751.0
2017-11-06,1130.0,5.0,1125.0,1135.0,1110.0,87532.0
2017-11-07,1105.0,25.0,1135.0,1140.0,1090.0,221538.0
2017-11-08,1090.0,15.0,1100.0,1115.0,1085.0,152972.0
2017-11-09,1125.0,35.0,1080.0,1140.0,1080.0,246412.0
2017-11-10,1115.0,10.0,1130.0,1180.0,1115.0,438397.0
2017-11-11,1115.0,10.0,1130.0,1180.0,1115.0,438397.0
2017-11-12,1115.0,10.0,1130.0,1180.0,1115.0,438397.0
2017-11-13,1145.0,30.0,1125.0,1150.0,1110.0,182084.0
2017-11-14,1145.0,0.0,1150.0,1165.0,1140.0,235629.0
2017-11-15,1135.0,10.0,1170.0,1170.0,1130.0,176515.0
2017-11-16,1135.0,0.0,1130.0,1165.0,1120.0,110041.0
2017-11-17,1115.0,20.0,1140.0,1150.0,1115.0,130107.0
2017-11-18,1115.0,20.0,1140.0,1150.0,1115.0,130107.0
2017-11-19,1115.0,20.0,1140.0,1150.0,1115.0,130107.0
2017-11-20,1120.0,5.0,1120.0,1125.0,1110.0,90700.0
2017-11-21,1100.0,20.0,1115.0,1125.0,1095.0,173961.0
2017-11-22,1120.0,20.0,1100.0,1125.0,1085.0,231335.0
2017-11-23,1130.0,10.0,1125.0,1145.0,1110.0,274571.0
2017-11-24,1125.0,5.0,1140.0,1145.0,1125.0,116571.0
2017-11-25,1125.0,5.0,1140.0,1145.0,1125.0,116571.0
2017-11-26,1125.0,5.0,1140.0,1145.0,1125.0,116571.0
2017-11-27,1140.0,15.0,1135.0,1155.0,1105.0,385010.0
2017-11-28,1120.0,20.0,1145.0,1155.0,1120.0,194479.0
2017-11-29,1165.0,45.0,1130.0,1180.0,1120.0,531213.0
2017-11-30,1145.0,20.0,1170.0,1185.0,1145.0,526102.0
2017-12-01,1165.0,20.0,1170.0,1175.0,1140.0,216890.0
2017-12-02,1165.0,20.0,1170.0,1175.0,1140.0,216890.0
2017-12-03,1165.0,20.0,1170.0,1175.0,1140.0,216890.0
2017-12-04,1155.0,10.0,1175.0,1175.0,1140.0,164633.0
2017-12-05,1140.0,15.0,1155.0,1160.0,1130.0,384496.0
2017-12-06,1135.0,5.0,1135.0,1155.0,1120.0,307629.0
2017-12-07,1135.0,0.0,1135.0,1155.0,1120.0,294788.0
2017-12-08,1115.0,20.0,1130.0,1145.0,1115.0,301868.0
2017-12-09,1115.0,20.0,1130.0,1145.0,1115.0,301868.0
2017-12-10,1115.0,20.0,1130.0,1145.0,1115.0,301868.0
2017-12-11,1115.0,0.0,1110.0,1115.0,1100.0,165828.0
2017-12-12,1115.0,0.0,1130.0,1130.0,1100.0,101572.0
2017-12-13,1125.0,10.0,1110.0,1125.0,1100.0,96745.0
2017-12-14,1120.0,5.0,1115.0,1130.0,1115.0,80017.0
2017-12-15,1125.0,5.0,1115.0,1130.0,1110.0,121132.0
2017-12-16,1125.0,5.0,1115.0,1130.0,1110.0,121132.0
2017-12-17,1125.0,5.0,1115.0,1130.0,1110.0,121132.0
2017-12-18,1105.0,20.0,1125.0,1125.0,1100.0,258384.0
2017-12-19,1080.0,25.0,1100.0,1105.0,1065.0,285694.0
2017-12-20,1100.0,20.0,1070.0,1105.0,1060.0,256239.0
2017-12-21,1055.0,45.0,1090.0,1090.0,1055.0,229151.0
2017-12-22,1055.0,0.0,1050.0,1065.0,1035.0,152508.0
2017-12-23,1055.0,0.0,1050.0,1065.0,1035.0,152508.0
2017-12-24,1055.0,0.0,1050.0,1065.0,1035.0,152508.0
2017-12-25,1055.0,0.0,1050.0,1065.0,1035.0,152508.0
2017-12-26,1035.0,20.0,1060.0,1065.0,1030.0,114699.0
2017-12-27,1020.0,15.0,1030.0,1040.0,1020.0,142991.0
2017-12-28,1055.0,35.0,1020.0,1055.0,1020.0,210408.0
2017-12-29,1055.0,35.0,1020.0,1055.0,1020.0,210408.0
2017-12-30,1055.0,35.0,1020.0,1055.0,1020.0,210408.0
2017-12-31,1055.0,35.0,1020.0,1055.0,1020.0,210408.0
2018-01-01,1055.0,35.0,1020.0,1055.0,1020.0,210408.0
2018-01-02,1050.0,5.0,1045.0,1055.0,1040.0,56039.0
2018-01-03,1075.0,25.0,1050.0,1080.0,1050.0,169120.0
2018-01-04,1065.0,10.0,1085.0,1085.0,1050.0,147242.0
2018-01-05,1060.0,5.0,1065.0,1065.0,1045.0,190961.0
2018-01-06,1060.0,5.0,1065.0,1065.0,1045.0,190961.0
2018-01-07,1060.0,5.0,1065.0,1065.0,1045.0,190961.0
2018-01-08,1035.0,25.0,1050.0,1055.0,1035.0,181574.0
2018-01-09,1020.0,15.0,1045.0,1045.0,1010.0,268481.0
2018-01-10,1030.0,10.0,1020.0,1035.0,1015.0,196215.0
2018-01-11,1020.0,10.0,1030.0,1035.0,1015.0,177980.0
2018-01-12,1015.0,5.0,1020.0,1030.0,1015.0,207842.0
2018-01-13,1015.0,5.0,1020.0,1030.0,1015.0,207842.0
2018-01-14,1015.0,5.0,1020.0,1030.0,1015.0,207842.0
2018-01-15,994.0,21.0,1015.0,1030.0,994.0,591491.0
2018-01-16,1015.0,21.0,995.0,1020.0,930.0,558891.0
2018-01-17,1010.0,5.0,1015.0,1015.0,999.0,122370.0
2018-01-18,1005.0,5.0,1010.0,1015.0,998.0,222200.0
2018-01-19,1005.0,0.0,1015.0,1015.0,999.0,179468.0
2018-01-20,1005.0,0.0,1015.0,1015.0,999.0,179468.0
2018-01-21,1005.0,0.0,1015.0,1015.0,999.0,179468.0
2018-01-22,1025.0,20.0,1005.0,1025.0,1005.0,163707.0
2018-01-23,1010.0,15.0,1025.0,1025.0,1005.0,141593.0
2018-01-24,1020.0,10.0,1015.0,1035.0,1015.0,205522.0
2018-01-25,1055.0,35.0,1030.0,1065.0,1025.0,721407.0
2018-01-26,1060.0,5.0,1055.0,1070.0,1040.0,322437.0
2018-01-27,1060.0,5.0,1055.0,1070.0,1040.0,322437.0
2018-01-28,1060.0,5.0,1055.0,1070.0,1040.0,322437.0
2018-01-29,1085.0,25.0,1065.0,1090.0,1060.0,530977.0
2018-01-30,1095.0,10.0,1085.0,1110.0,1080.0,492474.0
2018-01-31,1090.0,5.0,1110.0,1110.0,1075.0,233589.0
2018-02-01,1095.0,5.0,1105.0,1105.0,1075.0,284443.0
2018-02-02,1100.0,5.0,1100.0,1110.0,1075.0,205435.0
2018-02-03,1100.0,5.0,1100.0,1110.0,1075.0,205435.0
2018-02-04,1100.0,5.0,1100.0,1110.0,1075.0,205435.0
2018-02-05,1065.0,35.0,1095.0,1100.0,1055.0,245420.0
2018-02-06,1055.0,10.0,1045.0,1055.0,1020.0,417360.0
2018-02-07,1030.0,25.0,1060.0,1065.0,1030.0,185450.0
2018-02-08,1040.0,10.0,1035.0,1050.0,1015.0,117424.0
2018-02-09,1255.0,215.0,1075.0,1350.0,1070.0,35768194.0
2018-02-10,1255.0,215.0,1075.0,1350.0,1070.0,35768194.0
2018-02-11,1255.0,215.0,1075.0,1350.0,1070.0,35768194.0
2018-02-12,1290.0,35.0,1290.0,1385.0,1250.0,14094377.0
2018-02-13,1240.0,50.0,1275.0,1295.0,1210.0,6155522.0
2018-02-14,1310.0,70.0,1360.0,1565.0,1290.0,46847262.0
2018-02-15,1310.0,70.0,1360.0,1565.0,1290.0,46847262.0
2018-02-16,1310.0,70.0,1360.0,1565.0,1290.0,46847262.0
2018-02-17,1310.0,70.0,1360.0,1565.0,1290.0,46847262.0
2018-02-18,1310.0,70.0,1360.0,1565.0,1290.0,46847262.0
2018-02-19,1315.0,5.0,1345.0,1410.0,1300.0,8330956.0
2018-02-20,1270.0,45.0,1335.0,1370.0,1250.0,3396784.0
2018-02-21,1295.0,25.0,1270.0,1295.0,1235.0,2002081.0
2018-02-22,1335.0,40.0,1280.0,1385.0,1265.0,5450779.0
2018-02-23,1325.0,10.0,1305.0,1355.0,1290.0,3021498.0
2018-02-24,1325.0,10.0,1305.0,1355.0,1290.0,3021498.0
2018-02-25,1325.0,10.0,1305.0,1355.0,1290.0,3021498.0
2018-02-26,1295.0,30.0,1330.0,1360.0,1295.0,1711087.0
2018-02-27,1280.0,15.0,1295.0,1305.0,1265.0,1091867.0
2018-02-28,1250.0,30.0,1280.0,1295.0,1245.0,1117657.0
2018-03-01,1250.0,30.0,1280.0,1295.0,1245.0,1117657.0
2018-03-02,1250.0,0.0,1250.0,1270.0,1220.0,588273.0
2018-03-03,1250.0,0.0,1250.0,1270.0,1220.0,588273.0
2018-03-04,1250.0,0.0,1250.0,1270.0,1220.0,588273.0
2018-03-05,1265.0,15.0,1250.0,1275.0,1235.0,882448.0
2018-03-06,1295.0,30.0,1260.0,1405.0,1255.0,10567911.0
2018-03-07,1265.0,30.0,1285.0,1310.0,1255.0,1445685.0
2018-03-08,1255.0,10.0,1250.0,1280.0,1235.0,1288816.0
2018-03-09,1255.0,0.0,1270.0,1280.0,1245.0,985612.0
2018-03-10,1255.0,0.0,1270.0,1280.0,1245.0,985612.0
2018-03-11,1255.0,0.0,1270.0,1280.0,1245.0,985612.0
2018-03-12,1295.0,40.0,1260.0,1295.0,1240.0,1391818.0
2018-03-13,1265.0,30.0,1295.0,1300.0,1255.0,1014408.0
2018-03-14,1250.0,15.0,1260.0,1275.0,1240.0,686329.0
2018-03-15,1260.0,10.0,1250.0,1265.0,1225.0,775334.0
2018-03-16,1250.0,10.0,1260.0,1275.0,1240.0,707782.0
2018-03-17,1250.0,10.0,1260.0,1275.0,1240.0,707782.0
2018-03-18,1250.0,10.0,1260.0,1275.0,1240.0,707782.0
2018-03-19,1195.0,55.0,1245.0,1250.0,1190.0,1160002.0
2018-03-20,1195.0,0.0,1210.0,1245.0,1190.0,1054899.0
2018-03-21,1275.0,80.0,1200.0,1355.0,1185.0,6730521.0
2018-03-22,1255.0,20.0,1250.0,1280.0,1235.0,1686467.0
2018-03-23,1190.0,65.0,1320.0,1345.0,1175.0,2633128.0
2018-03-24,1190.0,65.0,1320.0,1345.0,1175.0,2633128.0
2018-03-25,1190.0,65.0,1320.0,1345.0,1175.0,2633128.0
2018-03-26,1195.0,5.0,1180.0,1215.0,1165.0,819806.0
2018-03-27,1205.0,10.0,1220.0,1240.0,1200.0,586043.0
2018-03-28,1205.0,0.0,1190.0,1215.0,1185.0,436746.0
2018-03-29,1190.0,15.0,1215.0,1215.0,1190.0,271583.0
2018-03-30,1185.0,5.0,1205.0,1210.0,1175.0,389980.0
2018-03-31,1185.0,5.0,1205.0,1210.0,1175.0,389980.0
2018-04-01,1185.0,5.0,1205.0,1210.0,1175.0,389980.0
2018-04-02,1155.0,30.0,1195.0,1200.0,1140.0,848273.0
2018-04-03,1160.0,5.0,1155.0,1165.0,1140.0,439972.0
2018-04-04,1150.0,10.0,1160.0,1180.0,1140.0,428651.0
2018-04-05,1170.0,20.0,1150.0,1180.0,1150.0,491831.0
2018-04-06,1145.0,25.0,1170.0,1175.0,1130.0,461876.0
2018-04-07,1145.0,25.0,1170.0,1175.0,1130.0,461876.0
2018-04-08,1145.0,25.0,1170.0,1175.0,1130.0,461876.0
2018-04-09,1130.0,15.0,1145.0,1160.0,1120.0,463300.0
2018-04-10,1125.0,5.0,1120.0,1135.0,1085.0,669291.0
2018-04-11,1135.0,10.0,1135.0,1140.0,1120.0,334057.0
2018-04-12,1150.0,15.0,1140.0,1160.0,1130.0,430640.0
2018-04-13,1135.0,15.0,1160.0,1160.0,1130.0,319389.0
2018-04-14,1135.0,15.0,1160.0,1160.0,1130.0,319389.0
2018-04-15,1135.0,15.0,1160.0,1160.0,1130.0,319389.0
2018-04-16,1155.0,20.0,1140.0,1155.0,1135.0,356775.0
2018-04-17,1175.0,20.0,1165.0,1185.0,1150.0,546539.0
2018-04-18,1190.0,15.0,1175.0,1215.0,1175.0,836845.0
2018-04-19,1205.0,15.0,1195.0,1220.0,1175.0,1149312.0
2018-04-20,1200.0,5.0,1210.0,1220.0,1190.0,696203.0
2018-04-21,1200.0,5.0,1210.0,1220.0,1190.0,696203.0
2018-04-22,1200.0,5.0,1210.0,1220.0,1190.0,696203.0
2018-04-23,1225.0,25.0,1200.0,1250.0,1200.0,1059392.0
2018-04-24,1240.0,15.0,1230.0,1250.0,1220.0,664502.0
2018-04-25,1285.0,45.0,1265.0,1475.0,1265.0,17215805.0
2018-04-26,1290.0,5.0,1280.0,1340.0,1270.0,2525923.0
2018-04-27,1270.0,20.0,1305.0,1320.0,1260.0,1199976.0
2018-04-28,1270.0,20.0,1305.0,1320.0,1260.0,1199976.0
2018-04-29,1270.0,20.0,1305.0,1320.0,1260.0,1199976.0
2018-04-30,1250.0,20.0,1275.0,1285.0,1230.0,1264362.0
2018-05-01,1250.0,20.0,1275.0,1285.0,1230.0,1264362.0
2018-05-02,1315.0,65.0,1240.0,1315.0,1230.0,1321448.0
2018-05-03,1340.0,25.0,1370.0,1435.0,1325.0,7949246.0
2018-05-04,1400.0,60.0,1330.0,1520.0,1315.0,13824896.0
2018-05-05,1400.0,60.0,1330.0,1520.0,1315.0,13824896.0
2018-05-06,1400.0,60.0,1330.0,1520.0,1315.0,13824896.0
2018-05-07,1400.0,60.0,1330.0,1520.0,1315.0,13824896.0
2018-05-08,1440.0,40.0,1410.0,1450.0,1375.0,4131463.0
2018-05-09,1445.0,5.0,1455.0,1455.0,1310.0,2485138.0
2018-05-10,1390.0,55.0,1445.0,1445.0,1380.0,1151313.0
2018-05-11,1420.0,30.0,1410.0,1430.0,1360.0,1147903.0
2018-05-12,1420.0,30.0,1410.0,1430.0,1360.0,1147903.0
2018-05-13,1420.0,30.0,1410.0,1430.0,1360.0,1147903.0
2018-05-14,1390.0,30.0,1435.0,1445.0,1385.0,1106092.0
2018-05-15,1415.0,25.0,1385.0,1430.0,1385.0,1226830.0
2018-05-16,1310.0,105.0,1350.0,1375.0,1260.0,1917549.0
2018-05-17,1325.0,15.0,1315.0,1345.0,1310.0,613932.0
2018-05-18,1380.0,55.0,1345.0,1385.0,1325.0,917759.0
2018-05-19,1380.0,55.0,1345.0,1385.0,1325.0,917759.0
2018-05-20,1380.0,55.0,1345.0,1385.0,1325.0,917759.0
2018-05-21,1440.0,60.0,1410.0,1480.0,1395.0,3909388.0
2018-05-22,1440.0,60.0,1410.0,1480.0,1395.0,3909388.0
2018-05-23,1400.0,40.0,1440.0,1445.0,1375.0,1247723.0
2018-05-24,1350.0,50.0,1405.0,1410.0,1315.0,1415621.0
2018-05-25,1325.0,25.0,1295.0,1330.0,1265.0,870539.0
2018-05-26,1325.0,25.0,1295.0,1330.0,1265.0,870539.0
2018-05-27,1325.0,25.0,1295.0,1330.0,1265.0,870539.0
2018-05-28,1350.0,25.0,1335.0,1370.0,1265.0,1253477.0
2018-05-29,1335.0,15.0,1350.0,1370.0,1310.0,788630.0
2018-05-30,1270.0,65.0,1325.0,1335.0,1265.0,1020484.0
2018-05-31,1260.0,10.0,1270.0,1300.0,1260.0,646698.0
2018-06-01,1275.0,15.0,1280.0,1300.0,1265.0,661136.0
2018-06-02,1275.0,15.0,1280.0,1300.0,1265.0,661136.0
2018-06-03,1275.0,15.0,1280.0,1300.0,1265.0,661136.0
2018-06-04,1245.0,30.0,1280.0,1280.0,1220.0,703431.0
2018-06-05,1295.0,50.0,1235.0,1415.0,1225.0,7915339.0
2018-06-06,1295.0,50.0,1235.0,1415.0,1225.0,7915339.0
2018-06-07,1300.0,5.0,1295.0,1320.0,1285.0,1219166.0
2018-06-08,1275.0,25.0,1300.0,1320.0,1275.0,403048.0
2018-06-09,1275.0,25.0,1300.0,1320.0,1275.0,403048.0
2018-06-10,1275.0,25.0,1300.0,1320.0,1275.0,403048.0
2018-06-11,1260.0,15.0,1265.0,1280.0,1245.0,662838.0
2018-06-12,1230.0,30.0,1250.0,1275.0,1225.0,375369.0
2018-06-13,1230.0,30.0,1250.0,1275.0,1225.0,375369.0
2018-06-14,1200.0,30.0,1230.0,1230.0,1180.0,508885.0
2018-06-15,1215.0,15.0,1190.0,1225.0,1190.0,357911.0
2018-06-16,1215.0,15.0,1190.0,1225.0,1190.0,357911.0
2018-06-17,1215.0,15.0,1190.0,1225.0,1190.0,357911.0
2018-06-18,1175.0,40.0,1215.0,1240.0,1135.0,561836.0
2018-06-19,1095.0,80.0,1165.0,1195.0,1095.0,509457.0
2018-06-20,1125.0,30.0,1065.0,1130.0,1045.0,1183346.0
2018-06-21,1085.0,40.0,1125.0,1150.0,1085.0,476522.0
2018-06-22,1070.0,15.0,1070.0,1110.0,1065.0,614681.0
2018-06-23,1070.0,15.0,1070.0,1110.0,1065.0,614681.0
2018-06-24,1070.0,15.0,1070.0,1110.0,1065.0,614681.0
2018-06-25,1170.0,100.0,1080.0,1205.0,1065.0,1674300.0
2018-06-26,1150.0,20.0,1155.0,1180.0,1130.0,402294.0
2018-06-27,1120.0,30.0,1150.0,1170.0,1120.0,553188.0
2018-06-28,1115.0,5.0,1105.0,1150.0,1095.0,307975.0
2018-06-29,1110.0,5.0,1115.0,1135.0,1050.0,554442.0
2018-06-30,1110.0,5.0,1115.0,1135.0,1050.0,554442.0
2018-07-01,1110.0,5.0,1115.0,1135.0,1050.0,554442.0
2018-07-02,1065.0,45.0,1110.0,1125.0,1060.0,245430.0
2018-07-03,1080.0,15.0,1050.0,1155.0,1045.0,1219506.0
2018-07-04,1075.0,5.0,1080.0,1120.0,1065.0,376296.0
2018-07-05,1045.0,30.0,1075.0,1175.0,1025.0,2461020.0
2018-07-06,1080.0,35.0,1045.0,1110.0,1040.0,661746.0
2018-07-07,1080.0,35.0,1045.0,1110.0,1040.0,661746.0
2018-07-08,1080.0,35.0,1045.0,1110.0,1040.0,661746.0
2018-07-09,1065.0,15.0,1070.0,1095.0,1055.0,282201.0
2018-07-10,1085.0,20.0,1065.0,1085.0,1060.0,144564.0
2018-07-11,1075.0,10.0,1085.0,1145.0,1060.0,915835.0
2018-07-12,1070.0,5.0,1075.0,1100.0,1065.0,441769.0
2018-07-13,1080.0,10.0,1080.0,1095.0,1070.0,277055.0
2018-07-14,1080.0,10.0,1080.0,1095.0,1070.0,277055.0
2018-07-15,1080.0,10.0,1080.0,1095.0,1070.0,277055.0
2018-07-16,1120.0,40.0,1095.0,1145.0,1080.0,1215415.0
2018-07-17,1100.0,20.0,1125.0,1155.0,1100.0,387167.0
2018-07-18,1110.0,10.0,1110.0,1150.0,1100.0,722468.0
2018-07-19,1100.0,10.0,1125.0,1145.0,1090.0,693303.0
2018-07-20,1060.0,40.0,1100.0,1110.0,1055.0,485683.0
2018-07-21,1060.0,40.0,1100.0,1110.0,1055.0,485683.0
2018-07-22,1060.0,40.0,1100.0,1110.0,1055.0,485683.0
2018-07-23,1020.0,40.0,1070.0,1085.0,1020.0,583940.0
2018-07-24,1025.0,5.0,1020.0,1045.0,1020.0,271778.0
2018-07-25,1015.0,10.0,1025.0,1040.0,1005.0,243391.0
2018-07-26,1025.0,10.0,1015.0,1035.0,1010.0,293508.0
2018-07-27,1050.0,25.0,1020.0,1055.0,1020.0,228244.0
2018-07-28,1050.0,25.0,1020.0,1055.0,1020.0,228244.0
2018-07-29,1050.0,25.0,1020.0,1055.0,1020.0,228244.0
2018-07-30,1060.0,10.0,1045.0,1075.0,1045.0,243431.0
2018-07-31,1045.0,15.0,1060.0,1065.0,1040.0,141122.0
2018-08-01,1050.0,5.0,1050.0,1065.0,1045.0,134001.0
2018-08-02,1050.0,0.0,1065.0,1065.0,1040.0,90635.0
2018-08-03,1075.0,25.0,1050.0,1080.0,1040.0,204979.0
2018-08-04,1075.0,25.0,1050.0,1080.0,1040.0,204979.0
2018-08-05,1075.0,25.0,1050.0,1080.0,1040.0,204979.0
2018-08-06,1090.0,15.0,1075.0,1105.0,1065.0,328799.0
2018-08-07,1070.0,20.0,1090.0,1100.0,1055.0,331472.0
2018-08-08,1075.0,5.0,1075.0,1085.0,1050.0,139703.0
2018-08-09,1055.0,20.0,1080.0,1080.0,1055.0,193617.0
2018-08-10,1050.0,5.0,1050.0,1065.0,1045.0,222973.0
2018-08-11,1050.0,5.0,1050.0,1065.0,1045.0,222973.0
2018-08-12,1050.0,5.0,1050.0,1065.0,1045.0,222973.0
2018-08-13,1015.0,35.0,1050.0,1055.0,1005.0,289100.0
2018-08-14,1035.0,20.0,1015.0,1045.0,1010.0,180693.0
2018-08-15,1035.0,20.0,1015.0,1045.0,1010.0,180693.0
2018-08-16,1020.0,15.0,1020.0,1050.0,1010.0,222776.0
2018-08-17,1020.0,0.0,1035.0,1040.0,1015.0,138214.0
2018-08-18,1020.0,0.0,1035.0,1040.0,1015.0,138214.0
2018-08-19,1020.0,0.0,1035.0,1040.0,1015.0,138214.0
2018-08-20,1030.0,10.0,1030.0,1040.0,1025.0,136929.0
2018-08-21,1040.0,10.0,1030.0,1045.0,1025.0,116375.0
2018-08-22,1040.0,0.0,1040.0,1055.0,1035.0,147986.0
2018-08-23,1045.0,5.0,1035.0,1050.0,1035.0,81279.0
2018-08-24,1045.0,0.0,1040.0,1050.0,1025.0,183387.0
2018-08-25,1045.0,0.0,1040.0,1050.0,1025.0,183387.0
2018-08-26,1045.0,0.0,1040.0,1050.0,1025.0,183387.0
2018-08-27,1025.0,20.0,1045.0,1045.0,1025.0,99049.0
2018-08-28,1035.0,10.0,1025.0,1040.0,1020.0,186269.0
2018-08-29,1050.0,15.0,1045.0,1050.0,1025.0,119129.0
2018-08-30,1065.0,15.0,1050.0,1070.0,1040.0,237897.0
2018-08-31,1075.0,10.0,1070.0,1085.0,1055.0,213865.0
2018-09-01,1075.0,10.0,1070.0,1085.0,1055.0,213865.0
2018-09-02,1075.0,10.0,1070.0,1085.0,1055.0,213865.0
2018-09-03,1065.0,10.0,1075.0,1080.0,1055.0,152915.0
2018-09-04,1150.0,85.0,1075.0,1250.0,1070.0,11193013.0
2018-09-05,1115.0,35.0,1140.0,1155.0,1115.0,1162582.0
2018-09-06,1125.0,10.0,1130.0,1155.0,1110.0,1469390.0
2018-09-07,1115.0,10.0,1115.0,1145.0,1105.0,680675.0
2018-09-08,1115.0,10.0,1115.0,1145.0,1105.0,680675.0
2018-09-09,1115.0,10.0,1115.0,1145.0,1105.0,680675.0
2018-09-10,1120.0,5.0,1110.0,1140.0,1110.0,522290.0
2018-09-11,1120.0,0.0,1120.0,1140.0,1115.0,412773.0
2018-09-12,1090.0,30.0,1130.0,1145.0,1090.0,537191.0
2018-09-13,1105.0,15.0,1095.0,1120.0,1085.0,240590.0
2018-09-14,1110.0,5.0,1115.0,1125.0,1105.0,247583.0
2018-09-15,1110.0,5.0,1115.0,1125.0,1105.0,247583.0
2018-09-16,1110.0,5.0,1115.0,1125.0,1105.0,247583.0
2018-09-17,1080.0,30.0,1110.0,1110.0,1070.0,267126.0
2018-09-18,1075.0,5.0,1080.0,1110.0,1075.0,326052.0
2018-09-19,1070.0,5.0,1075.0,1115.0,1065.0,410996.0
2018-09-20,1040.0,30.0,1070.0,1080.0,1030.0,450665.0
2018-09-21,1035.0,5.0,1050.0,1055.0,1035.0,204906.0
2018-09-22,1035.0,5.0,1050.0,1055.0,1035.0,204906.0
2018-09-23,1035.0,5.0,1050.0,1055.0,1035.0,204906.0
2018-09-24,1035.0,5.0,1050.0,1055.0,1035.0,204906.0
2018-09-25,1035.0,5.0,1050.0,1055.0,1035.0,204906.0
2018-09-26,1035.0,5.0,1050.0,1055.0,1035.0,204906.0
2018-09-27,1045.0,10.0,1035.0,1055.0,1020.0,216508.0
2018-09-28,1045.0,0.0,1045.0,1055.0,1030.0,117060.0
2018-09-29,1045.0,0.0,1045.0,1055.0,1030.0,117060.0
2018-09-30,1045.0,0.0,1045.0,1055.0,1030.0,117060.0
2018-10-01,1040.0,5.0,1050.0,1060.0,1035.0,106678.0
2018-10-02,1040.0,0.0,1035.0,1060.0,1025.0,268608.0
2018-10-03,1040.0,0.0,1035.0,1060.0,1025.0,268608.0
2018-10-04,1020.0,20.0,1055.0,1055.0,1015.0,331903.0
2018-10-05,1010.0,10.0,1035.0,1040.0,1010.0,327456.0
2018-10-06,1010.0,10.0,1035.0,1040.0,1010.0,327456.0
2018-10-07,1010.0,10.0,1035.0,1040.0,1010.0,327456.0
2018-10-08,1010.0,0.0,1010.0,1035.0,1010.0,171182.0
2018-10-09,1010.0,0.0,1010.0,1035.0,1010.0,171182.0
2018-10-10,982.0,28.0,1010.0,1030.0,982.0,446800.0
2018-10-11,917.0,65.0,978.0,978.0,910.0,595081.0
2018-10-12,926.0,9.0,874.0,944.0,874.0,392222.0
2018-10-13,926.0,9.0,874.0,944.0,874.0,392222.0
2018-10-14,926.0,9.0,874.0,944.0,874.0,392222.0
2018-10-15,924.0,2.0,919.0,946.0,919.0,195034.0
2018-10-16,944.0,20.0,925.0,944.0,924.0,81797.0
2018-10-17,957.0,13.0,945.0,967.0,941.0,164068.0
2018-10-18,936.0,21.0,957.0,957.0,930.0,211708.0
2018-10-19,936.0,0.0,936.0,942.0,931.0,62586.0
2018-10-20,936.0,0.0,936.0,942.0,931.0,62586.0
2018-10-21,936.0,0.0,936.0,942.0,931.0,62586.0
2018-10-22,934.0,2.0,944.0,944.0,930.0,73007.0
2018-10-23,887.0,47.0,927.0,939.0,887.0,317338.0
2018-10-24,898.0,11.0,888.0,918.0,880.0,171601.0
2018-10-25,862.0,36.0,868.0,895.0,852.0,339991.0
2018-10-26,839.0,23.0,860.0,879.0,827.0,343952.0
2018-10-27,839.0,23.0,860.0,879.0,827.0,343952.0
2018-10-28,839.0,23.0,860.0,879.0,827.0,343952.0
2018-10-29,789.0,50.0,806.0,838.0,765.0,591623.0
2018-10-30,790.0,1.0,682.0,813.0,682.0,435844.0
2018-10-31,811.0,21.0,790.0,899.0,770.0,598275.0
2018-11-01,822.0,11.0,811.0,839.0,811.0,140720.0
2018-11-02,846.0,24.0,821.0,849.0,821.0,219939.0
2018-11-03,846.0,24.0,821.0,849.0,821.0,219939.0
2018-11-04,846.0,24.0,821.0,849.0,821.0,219939.0
2018-11-05,846.0,0.0,849.0,856.0,830.0,93018.0
2018-11-06,846.0,0.0,844.0,859.0,838.0,118837.0
2018-11-07,837.0,9.0,856.0,858.0,832.0,227149.0
2018-11-08,855.0,18.0,870.0,870.0,850.0,109248.0
2018-11-09,1110.0,255.0,871.0,1110.0,871.0,9971827.0
2018-11-10,1110.0,255.0,871.0,1110.0,871.0,9971827.0
2018-11-11,1110.0,255.0,871.0,1110.0,871.0,9971827.0
2018-11-12,1175.0,65.0,1185.0,1235.0,1130.0,21478757.0
2018-11-13,1160.0,15.0,1160.0,1175.0,1105.0,7069759.0
2018-11-14,1275.0,115.0,1190.0,1355.0,1180.0,42698459.0
2018-11-15,1165.0,110.0,1275.0,1275.0,1150.0,9054112.0
2018-11-16,1165.0,0.0,1155.0,1190.0,1130.0,7243477.0
2018-11-17,1165.0,0.0,1155.0,1190.0,1130.0,7243477.0
2018-11-18,1165.0,0.0,1155.0,1190.0,1130.0,7243477.0
2018-11-19,1130.0,35.0,1240.0,1250.0,1130.0,11362377.0
2018-11-20,1150.0,20.0,1140.0,1175.0,1125.0,4981315.0
2018-11-21,1070.0,80.0,1110.0,1145.0,1060.0,4845667.0
2018-11-22,1060.0,10.0,1090.0,1105.0,1045.0,3286538.0
2018-11-23,1070.0,10.0,1060.0,1075.0,1030.0,4414154.0
2018-11-24,1070.0,10.0,1060.0,1075.0,1030.0,4414154.0
2018-11-25,1070.0,10.0,1060.0,1075.0,1030.0,4414154.0
2018-11-26,1110.0,40.0,1065.0,1110.0,1040.0,3802262.0
2018-11-27,1090.0,20.0,1100.0,1160.0,1085.0,5805292.0
2018-11-28,1080.0,10.0,1090.0,1120.0,1060.0,1934211.0
2018-11-29,1070.0,10.0,1080.0,1110.0,1070.0,2829349.0
2018-11-30,1135.0,65.0,1110.0,1265.0,1110.0,42075629.0
2018-12-01,1135.0,65.0,1110.0,1265.0,1110.0,42075629.0
2018-12-02,1135.0,65.0,1110.0,1265.0,1110.0,42075629.0
2018-12-03,1180.0,45.0,1140.0,1180.0,1120.0,7649711.0
2018-12-04,1150.0,30.0,1170.0,1190.0,1130.0,4676988.0
2018-12-05,1210.0,60.0,1140.0,1215.0,1130.0,8306603.0
2018-12-06,1230.0,20.0,1220.0,1380.0,1205.0,42226855.0
2018-12-07,1105.0,125.0,1235.0,1290.0,1090.0,11991010.0
2018-12-08,1105.0,125.0,1235.0,1290.0,1090.0,11991010.0
2018-12-09,1105.0,125.0,1235.0,1290.0,1090.0,11991010.0
2018-12-10,1135.0,30.0,1110.0,1185.0,1100.0,9559809.0
2018-12-11,1060.0,75.0,1140.0,1140.0,1060.0,3301316.0
2018-12-12,1080.0,20.0,1060.0,1095.0,1055.0,1879095.0
2018-12-13,1110.0,30.0,1085.0,1135.0,1070.0,2171894.0
2018-12-14,1120.0,10.0,1110.0,1180.0,1075.0,4992773.0
2018-12-15,1120.0,10.0,1110.0,1180.0,1075.0,4992773.0
2018-12-16,1120.0,10.0,1110.0,1180.0,1075.0,4992773.0
2018-12-17,1120.0,0.0,1120.0,1160.0,1105.0,2582819.0
2018-12-18,1200.0,80.0,1140.0,1285.0,1135.0,19053779.0
2018-12-19,1200.0,0.0,1190.0,1250.0,1180.0,6902247.0
2018-12-20,1230.0,30.0,1260.0,1400.0,1210.0,36354196.0
2018-12-21,1225.0,5.0,1220.0,1250.0,1175.0,7730279.0
2018-12-22,1225.0,5.0,1220.0,1250.0,1175.0,7730279.0
2018-12-23,1225.0,5.0,1220.0,1250.0,1175.0,7730279.0
2018-12-24,1240.0,15.0,1325.0,1435.0,1230.0,24469431.0
2018-12-25,1240.0,15.0,1325.0,1435.0,1230.0,24469431.0
2018-12-26,1285.0,45.0,1200.0,1320.0,1195.0,7663102.0
2018-12-27,1295.0,10.0,1295.0,1420.0,1275.0,31289693.0
2018-12-28,1310.0,15.0,1445.0,1450.0,1295.0,14275521.0
2018-12-29,1310.0,15.0,1445.0,1450.0,1295.0,14275521.0
2018-12-30,1310.0,15.0,1445.0,1450.0,1295.0,14275521.0
2018-12-31,1310.0,15.0,1445.0,1450.0,1295.0,14275521.0
2019-01-01,1310.0,15.0,1445.0,1450.0,1295.0,14275521.0
2019-01-02,1370.0,60.0,1325.0,1410.0,1325.0,11103409.0
2019-01-03,1310.0,60.0,1360.0,1415.0,1285.0,9056034.0
2019-01-04,1280.0,30.0,1295.0,1340.0,1240.0,4334430.0
2019-01-05,1280.0,30.0,1295.0,1340.0,1240.0,4334430.0
2019-01-06,1280.0,30.0,1295.0,1340.0,1240.0,4334430.0
2019-01-07,1315.0,35.0,1295.0,1340.0,1275.0,6855368.0
2019-01-08,1310.0,5.0,1335.0,1350.0,1290.0,5555379.0
2019-01-09,1255.0,55.0,1315.0,1315.0,1250.0,3508185.0
2019-01-10,1255.0,0.0,1250.0,1270.0,1225.0,2608590.0
2019-01-11,1225.0,30.0,1260.0,1270.0,1225.0,2046624.0
2019-01-12,1225.0,30.0,1260.0,1270.0,1225.0,2046624.0
2019-01-13,1225.0,30.0,1260.0,1270.0,1225.0,2046624.0
2019-01-14,1245.0,20.0,1220.0,1270.0,1205.0,2483694.0
2019-01-15,1220.0,25.0,1250.0,1265.0,1220.0,1300697.0
2019-01-16,1240.0,20.0,1230.0,1240.0,1200.0,1870632.0
2019-01-17,1190.0,50.0,1255.0,1275.0,1190.0,2021381.0
2019-01-18,1220.0,30.0,1190.0,1220.0,1185.0,1292256.0
2019-01-19,1220.0,30.0,1190.0,1220.0,1185.0,1292256.0
2019-01-20,1220.0,30.0,1190.0,1220.0,1185.0,1292256.0
2019-01-21,1220.0,0.0,1215.0,1245.0,1205.0,1217619.0
2019-01-22,1265.0,45.0,1225.0,1265.0,1210.0,3015988.0
2019-01-23,1220.0,45.0,1250.0,1275.0,1220.0,2127387.0
2019-01-24,1215.0,5.0,1220.0,1230.0,1200.0,1016280.0
2019-01-25,1220.0,5.0,1215.0,1235.0,1210.0,878518.0
2019-01-26,1220.0,5.0,1215.0,1235.0,1210.0,878518.0
2019-01-27,1220.0,5.0,1215.0,1235.0,1210.0,878518.0
2019-01-28,1200.0,20.0,1230.0,1235.0,1195.0,951074.0
2019-01-29,1190.0,10.0,1200.0,1205.0,1175.0,1052311.0
2019-01-30,1235.0,45.0,1190.0,1240.0,1185.0,2850197.0
2019-01-31,1205.0,30.0,1235.0,1240.0,1205.0,1098631.0
2019-02-01,1190.0,15.0,1205.0,1220.0,1185.0,863324.0
2019-02-02,1190.0,15.0,1205.0,1220.0,1185.0,863324.0
2019-02-03,1190.0,15.0,1205.0,1220.0,1185.0,863324.0
2019-02-04,1190.0,15.0,1205.0,1220.0,1185.0,863324.0
2019-02-05,1190.0,15.0,1205.0,1220.0,1185.0,863324.0
2019-02-06,1190.0,15.0,1205.0,1220.0,1185.0,863324.0
2019-02-07,1200.0,10.0,1190.0,1220.0,1185.0,472058.0
2019-02-08,1200.0,0.0,1190.0,1215.0,1190.0,499820.0
2019-02-09,1200.0,0.0,1190.0,1215.0,1190.0,499820.0
2019-02-10,1200.0,0.0,1190.0,1215.0,1190.0,499820.0
2019-02-11,1190.0,10.0,1195.0,1205.0,1190.0,565341.0
2019-02-12,1205.0,15.0,1185.0,1210.0,1180.0,865113.0
2019-02-13,1225.0,20.0,1210.0,1230.0,1195.0,1041532.0
2019-02-14,1220.0,5.0,1225.0,1230.0,1210.0,601003.0
2019-02-15,1200.0,20.0,1210.0,1225.0,1195.0,641031.0
2019-02-16,1200.0,20.0,1210.0,1225.0,1195.0,641031.0
2019-02-17,1200.0,20.0,1210.0,1225.0,1195.0,641031.0
2019-02-18,1200.0,0.0,1215.0,1215.0,1195.0,421924.0
2019-02-19,1215.0,15.0,1200.0,1230.0,1195.0,1123338.0
2019-02-20,1220.0,5.0,1215.0,1230.0,1200.0,738514.0
2019-02-21,1185.0,35.0,1210.0,1235.0,1180.0,1263669.0
2019-02-22,1175.0,10.0,1200.0,1255.0,1175.0,7757353.0
2019-02-23,1175.0,10.0,1200.0,1255.0,1175.0,7757353.0
2019-02-24,1175.0,10.0,1200.0,1255.0,1175.0,7757353.0
2019-02-25,1140.0,35.0,1170.0,1170.0,1135.0,1149388.0
2019-02-26,1140.0,0.0,1130.0,1160.0,1130.0,928158.0
2019-02-27,1170.0,30.0,1135.0,1170.0,1135.0,670410.0
2019-02-28,1100.0,70.0,1170.0,1185.0,1075.0,1064410.0
2019-03-01,1100.0,70.0,1170.0,1185.0,1075.0,1064410.0
2019-03-02,1100.0,70.0,1170.0,1185.0,1075.0,1064410.0
2019-03-03,1100.0,70.0,1170.0,1185.0,1075.0,1064410.0
2019-03-04,1120.0,20.0,1115.0,1145.0,1105.0,655099.0
2019-03-05,1080.0,40.0,1095.0,1120.0,1065.0,1150152.0
2019-03-06,1115.0,35.0,1085.0,1135.0,1080.0,1466790.0
2019-03-07,1195.0,80.0,1180.0,1220.0,1135.0,6613486.0
2019-03-08,1265.0,70.0,1175.0,1265.0,1160.0,7213071.0
2019-03-09,1265.0,70.0,1175.0,1265.0,1160.0,7213071.0
2019-03-10,1265.0,70.0,1175.0,1265.0,1160.0,7213071.0
2019-03-11,1310.0,45.0,1265.0,1320.0,1230.0,7273896.0
2019-03-12,1260.0,50.0,1390.0,1390.0,1240.0,13538149.0
2019-03-13,1265.0,5.0,1290.0,1345.0,1260.0,19914707.0
2019-03-14,1240.0,25.0,1260.0,1285.0,1225.0,5132842.0
2019-03-15,1240.0,0.0,1270.0,1305.0,1230.0,8610118.0
2019-03-16,1240.0,0.0,1270.0,1305.0,1230.0,8610118.0
2019-03-17,1240.0,0.0,1270.0,1305.0,1230.0,8610118.0
2019-03-18,1225.0,15.0,1220.0,1260.0,1215.0,2178700.0
2019-03-19,1220.0,5.0,1230.0,1235.0,1205.0,2578185.0
2019-03-20,1215.0,5.0,1250.0,1280.0,1215.0,5847600.0
2019-03-21,1165.0,50.0,1210.0,1230.0,1160.0,2496610.0
2019-03-22,1150.0,15.0,1175.0,1185.0,1145.0,2360422.0
2019-03-23,1150.0,15.0,1175.0,1185.0,1145.0,2360422.0
2019-03-24,1150.0,15.0,1175.0,1185.0,1145.0,2360422.0
2019-03-25,1180.0,30.0,1155.0,1205.0,1155.0,3338002.0
2019-03-26,1210.0,30.0,1180.0,1220.0,1180.0,2422775.0
2019-03-27,1170.0,40.0,1210.0,1220.0,1160.0,2059945.0
2019-03-28,1150.0,20.0,1160.0,1185.0,1135.0,1270516.0
2019-03-29,1150.0,0.0,1170.0,1185.0,1135.0,1974562.0
2019-03-30,1150.0,0.0,1170.0,1185.0,1135.0,1974562.0
2019-03-31,1150.0,0.0,1170.0,1185.0,1135.0,1974562.0
2019-04-01,1145.0,5.0,1150.0,1175.0,1135.0,1104234.0
2019-04-02,1140.0,5.0,1150.0,1160.0,1130.0,992015.0
2019-04-03,1135.0,5.0,1145.0,1150.0,1125.0,807747.0
2019-04-04,1145.0,10.0,1135.0,1150.0,1130.0,737852.0
2019-04-05,1145.0,0.0,1145.0,1155.0,1135.0,525549.0
2019-04-06,1145.0,0.0,1145.0,1155.0,1135.0,525549.0
2019-04-07,1145.0,0.0,1145.0,1155.0,1135.0,525549.0
2019-04-08,1130.0,15.0,1145.0,1155.0,1130.0,579354.0
2019-04-09,1125.0,5.0,1120.0,1140.0,1115.0,808773.0
2019-04-10,1155.0,30.0,1120.0,1155.0,1115.0,720530.0
2019-04-11,1155.0,0.0,1160.0,1160.0,1140.0,623547.0
2019-04-12,1140.0,15.0,1155.0,1160.0,1140.0,605333.0
2019-04-13,1140.0,15.0,1155.0,1160.0,1140.0,605333.0
2019-04-14,1140.0,15.0,1155.0,1160.0,1140.0,605333.0
2019-04-15,1150.0,10.0,1145.0,1155.0,1140.0,558823.0
2019-04-16,1165.0,15.0,1155.0,1190.0,1150.0,2032123.0
2019-04-17,1180.0,15.0,1175.0,1195.0,1160.0,1677623.0
2019-04-18,1185.0,5.0,1195.0,1215.0,1165.0,1960272.0
2019-04-19,1160.0,25.0,1190.0,1195.0,1160.0,921872.0
2019-04-20,1160.0,25.0,1190.0,1195.0,1160.0,921872.0
2019-04-21,1160.0,25.0,1190.0,1195.0,1160.0,921872.0
2019-04-22,1180.0,20.0,1170.0,1195.0,1160.0,891332.0
2019-04-23,1195.0,15.0,1185.0,1220.0,1180.0,2252347.0
2019-04-24,1195.0,0.0,1195.0,1210.0,1185.0,916605.0
2019-04-25,1165.0,30.0,1195.0,1195.0,1160.0,938522.0
2019-04-26,1200.0,35.0,1165.0,1200.0,1160.0,1132581.0
2019-04-27,1200.0,35.0,1165.0,1200.0,1160.0,1132581.0
2019-04-28,1200.0,35.0,1165.0,1200.0,1160.0,1132581.0
2019-04-29,1190.0,10.0,1200.0,1210.0,1185.0,763092.0
2019-04-30,1190.0,0.0,1190.0,1205.0,1170.0,905619.0
2019-05-01,1190.0,0.0,1190.0,1205.0,1170.0,905619.0
2019-05-02,1230.0,40.0,1180.0,1230.0,1175.0,4039906.0
2019-05-03,1255.0,25.0,1380.0,1385.0,1230.0,24382349.0
2019-05-04,1255.0,25.0,1380.0,1385.0,1230.0,24382349.0
2019-05-05,1255.0,25.0,1380.0,1385.0,1230.0,24382349.0
2019-05-06,1255.0,25.0,1380.0,1385.0,1230.0,24382349.0
2019-05-07,1225.0,30.0,1225.0,1255.0,1210.0,4495248.0
2019-05-08,1230.0,5.0,1200.0,1260.0,1200.0,3795958.0
2019-05-09,1165.0,65.0,1225.0,1230.0,1165.0,3278234.0
2019-05-10,1185.0,20.0,1150.0,1260.0,1125.0,4910672.0
2019-05-11,1185.0,20.0,1150.0,1260.0,1125.0,4910672.0
2019-05-12,1185.0,20.0,1150.0,1260.0,1125.0,4910672.0
2019-05-13,1180.0,5.0,1195.0,1210.0,1170.0,1678790.0
2019-05-14,1165.0,15.0,1155.0,1190.0,1145.0,1379601.0
2019-05-15,1180.0,15.0,1180.0,1190.0,1165.0,1010344.0
2019-05-16,1155.0,25.0,1200.0,1205.0,1155.0,1528994.0
2019-05-17,1120.0,35.0,1155.0,1165.0,1115.0,1472123.0
2019-05-18,1120.0,35.0,1155.0,1165.0,1115.0,1472123.0
2019-05-19,1120.0,35.0,1155.0,1165.0,1115.0,1472123.0
2019-05-20,1100.0,20.0,1115.0,1125.0,1090.0,1036372.0
2019-05-21,1100.0,0.0,1090.0,1120.0,1085.0,818096.0
2019-05-22,1125.0,25.0,1095.0,1145.0,1095.0,966505.0
2019-05-23,1100.0,25.0,1120.0,1140.0,1090.0,868965.0
2019-05-24,1105.0,5.0,1090.0,1115.0,1085.0,516604.0
2019-05-25,1105.0,5.0,1090.0,1115.0,1085.0,516604.0
2019-05-26,1105.0,5.0,1090.0,1115.0,1085.0,516604.0
2019-05-27,1095.0,10.0,1095.0,1110.0,1090.0,382976.0
2019-05-28,1115.0,20.0,1090.0,1125.0,1090.0,508770.0
2019-05-29,1100.0,15.0,1105.0,1120.0,1090.0,399821.0
2019-05-30,1085.0,15.0,1090.0,1105.0,1070.0,455077.0
2019-05-31,1095.0,10.0,1085.0,1110.0,1060.0,653189.0
2019-06-01,1095.0,10.0,1085.0,1110.0,1060.0,653189.0
2019-06-02,1095.0,10.0,1085.0,1110.0,1060.0,653189.0
2019-06-03,1085.0,10.0,1095.0,1095.0,1065.0,459735.0
2019-06-04,1080.0,5.0,1075.0,1100.0,1070.0,392821.0
2019-06-05,1100.0,20.0,1085.0,1110.0,1085.0,444657.0
2019-06-06,1100.0,20.0,1085.0,1110.0,1085.0,444657.0
2019-06-07,1115.0,15.0,1100.0,1115.0,1090.0,428003.0
2019-06-08,1115.0,15.0,1100.0,1115.0,1090.0,428003.0
2019-06-09,1115.0,15.0,1100.0,1115.0,1090.0,428003.0
2019-06-10,1140.0,25.0,1110.0,1145.0,1110.0,645627.0
2019-06-11,1150.0,10.0,1135.0,1160.0,1130.0,666043.0
2019-06-12,1145.0,5.0,1155.0,1155.0,1140.0,368047.0
2019-06-13,1170.0,25.0,1150.0,1180.0,1140.0,941507.0
2019-06-14,1150.0,20.0,1160.0,1175.0,1150.0,351669.0
2019-06-15,1150.0,20.0,1160.0,1175.0,1150.0,351669.0
2019-06-16,1150.0,20.0,1160.0,1175.0,1150.0,351669.0
2019-06-17,1155.0,5.0,1170.0,1175.0,1145.0,357616.0
2019-06-18,1155.0,0.0,1150.0,1180.0,1150.0,595349.0
2019-06-19,1165.0,10.0,1160.0,1175.0,1150.0,503356.0
2019-06-20,1155.0,10.0,1170.0,1175.0,1145.0,518717.0
2019-06-21,1120.0,35.0,1160.0,1160.0,1115.0,945821.0
2019-06-22,1120.0,35.0,1160.0,1160.0,1115.0,945821.0
2019-06-23,1120.0,35.0,1160.0,1160.0,1115.0,945821.0
2019-06-24,1145.0,25.0,1125.0,1145.0,1110.0,716033.0
2019-06-25,1130.0,15.0,1130.0,1145.0,1115.0,491374.0
2019-06-26,1120.0,10.0,1125.0,1135.0,1110.0,279501.0
2019-06-27,1110.0,10.0,1120.0,1135.0,1110.0,367526.0
2019-06-28,1080.0,30.0,1105.0,1120.0,1080.0,514618.0
2019-06-29,1080.0,30.0,1105.0,1120.0,1080.0,514618.0
2019-06-30,1080.0,30.0,1105.0,1120.0,1080.0,514618.0
2019-07-01,1075.0,5.0,1080.0,1095.0,1070.0,425181.0
2019-07-02,1085.0,10.0,1075.0,1095.0,1070.0,223075.0
2019-07-03,1065.0,20.0,1100.0,1100.0,1065.0,419193.0
2019-07-04,1025.0,40.0,1065.0,1075.0,1020.0,720792.0
2019-07-05,1050.0,25.0,1030.0,1050.0,1020.0,265281.0
2019-07-06,1050.0,25.0,1030.0,1050.0,1020.0,265281.0
2019-07-07,1050.0,25.0,1030.0,1050.0,1020.0,265281.0
2019-07-08,1010.0,40.0,1045.0,1055.0,1000.0,480747.0
2019-07-09,966.0,44.0,995.0,1025.0,963.0,860626.0
2019-07-10,980.0,14.0,951.0,998.0,951.0,294261.0
2019-07-11,1005.0,25.0,980.0,1005.0,980.0,256001.0
2019-07-12,1000.0,5.0,1005.0,1015.0,997.0,157582.0
2019-07-13,1000.0,5.0,1005.0,1015.0,997.0,157582.0
2019-07-14,1000.0,5.0,1005.0,1015.0,997.0,157582.0
2019-07-15,990.0,10.0,1015.0,1015.0,990.0,134334.0
2019-07-16,985.0,5.0,990.0,1005.0,975.0,203932.0
2019-07-17,946.0,39.0,966.0,985.0,925.0,404756.0
2019-07-18,928.0,18.0,946.0,952.0,915.0,413529.0
2019-07-19,932.0,4.0,922.0,941.0,915.0,389621.0
2019-07-20,932.0,4.0,922.0,941.0,915.0,389621.0
2019-07-21,932.0,4.0,922.0,941.0,915.0,389621.0
2019-07-22,935.0,3.0,932.0,940.0,925.0,169839.0
2019-07-23,914.0,21.0,934.0,943.0,910.0,495433.0
2019-07-24,926.0,12.0,925.0,941.0,918.0,234795.0
2019-07-25,919.0,7.0,913.0,932.0,912.0,225278.0
2019-07-26,932.0,13.0,912.0,948.0,910.0,393048.0
2019-07-27,932.0,13.0,912.0,948.0,910.0,393048.0
2019-07-28,932.0,13.0,912.0,948.0,910.0,393048.0
2019-07-29,867.0,65.0,915.0,934.0,864.0,753491.0
2019-07-30,899.0,32.0,841.0,910.0,841.0,546338.0
2019-07-31,904.0,5.0,899.0,913.0,876.0,212563.0
2019-08-01,891.0,13.0,881.0,911.0,881.0,332249.0
2019-08-02,899.0,8.0,876.0,899.0,871.0,176991.0
2019-08-03,899.0,8.0,876.0,899.0,871.0,176991.0
2019-08-04,899.0,8.0,876.0,899.0,871.0,176991.0
2019-08-05,808.0,91.0,875.0,904.0,795.0,903119.0
2019-08-06,798.0,10.0,751.0,818.0,690.0,1413950.0
2019-08-07,810.0,12.0,774.0,822.0,774.0,330436.0
2019-08-08,860.0,50.0,835.0,881.0,817.0,631416.0
2019-08-09,933.0,73.0,856.0,941.0,856.0,597216.0
2019-08-10,933.0,73.0,856.0,941.0,856.0,597216.0
2019-08-11,933.0,73.0,856.0,941.0,856.0,597216.0
2019-08-12,930.0,3.0,913.0,941.0,905.0,268910.0
2019-08-13,954.0,24.0,930.0,956.0,921.0,355421.0
2019-08-14,955.0,1.0,960.0,978.0,947.0,317979.0
2019-08-15,955.0,1.0,960.0,978.0,947.0,317979.0
2019-08-16,933.0,22.0,926.0,975.0,920.0,378591.0
2019-08-17,933.0,22.0,926.0,975.0,920.0,378591.0
2019-08-18,933.0,22.0,926.0,975.0,920.0,378591.0
2019-08-19,927.0,6.0,962.0,962.0,920.0,151581.0
2019-08-20,943.0,16.0,930.0,957.0,929.0,132350.0
2019-08-21,942.0,1.0,943.0,961.0,895.0,232982.0
2019-08-22,929.0,13.0,931.0,979.0,928.0,313381.0
2019-08-23,928.0,1.0,924.0,939.0,920.0,298491.0
2019-08-24,928.0,1.0,924.0,939.0,920.0,298491.0
2019-08-25,928.0,1.0,924.0,939.0,920.0,298491.0
2019-08-26,908.0,20.0,900.0,928.0,895.0,176771.0
2019-08-27,919.0,11.0,919.0,928.0,907.0,218004.0
2019-08-28,927.0,8.0,925.0,927.0,912.0,165393.0
2019-08-29,916.0,11.0,928.0,935.0,907.0,171741.0
2019-08-30,940.0,24.0,913.0,942.0,912.0,188115.0
2019-08-31,940.0,24.0,913.0,942.0,912.0,188115.0
2019-09-01,940.0,24.0,913.0,942.0,912.0,188115.0
2019-09-02,944.0,4.0,942.0,952.0,930.0,122086.0
2019-09-03,940.0,4.0,948.0,949.0,927.0,121924.0
2019-09-04,939.0,1.0,937.0,942.0,934.0,91345.0
2019-09-05,935.0,4.0,942.0,949.0,931.0,145879.0
2019-09-06,939.0,4.0,936.0,949.0,929.0,97571.0
2019-09-07,939.0,4.0,936.0,949.0,929.0,97571.0
2019-09-08,939.0,4.0,936.0,949.0,929.0,97571.0
2019-09-09,925.0,14.0,937.0,949.0,909.0,218387.0
2019-09-10,909.0,16.0,938.0,938.0,904.0,281156.0
2019-09-11,931.0,22.0,907.0,932.0,907.0,120955.0
2019-09-12,931.0,22.0,907.0,932.0,907.0,120955.0
2019-09-13,931.0,22.0,907.0,932.0,907.0,120955.0
2019-09-14,931.0,22.0,907.0,932.0,907.0,120955.0
2019-09-15,931.0,22.0,907.0,932.0,907.0,120955.0
2019-09-16,950.0,19.0,931.0,950.0,929.0,205775.0
2019-09-17,950.0,0.0,938.0,955.0,931.0,219700.0
2019-09-18,953.0,3.0,944.0,958.0,944.0,227900.0
2019-09-19,1005.0,52.0,957.0,1015.0,950.0,1014514.0
2019-09-20,976.0,29.0,1005.0,1015.0,963.0,732192.0
2019-09-21,976.0,29.0,1005.0,1015.0,963.0,732192.0
2019-09-22,976.0,29.0,1005.0,1015.0,963.0,732192.0
2019-09-23,977.0,1.0,975.0,987.0,950.0,176463.0
2019-09-24,993.0,16.0,980.0,996.0,970.0,199971.0
2019-09-25,975.0,18.0,995.0,995.0,971.0,213080.0
